I R cos(alpha)
--------------------------------
0.93278 1.01100 0.99828
0.93103 1.01169 0.98803
0.93137 1.01270 0.97321
0.92843 1.01407 0.95221
0.92356 1.01594 0.92333
0.91806 1.01830 0.88720
0.91249 1.02118 0.84329
0.90687 1.02455 0.79215
0.90023 1.02824 0.73644
0.89186 1.03231 0.67503
0.88213 1.03671 0.60905
0.87066 1.04147 0.53795
0.85887 1.04658 0.46208
0.84495 1.05197 0.38253
0.82770 1.05710 0.30658
0.81194 1.06226 0.23079
0.88843 1.48376 0.99795
0.88851 1.48442 0.98831
0.88865 1.48545 0.97333
0.88640 1.48687 0.95226
0.88200 1.48879 0.92321
0.87715 1.49122 0.88684
0.87235 1.49418 0.84235
0.86688 1.49752 0.79256
0.86075 1.50121 0.73759
0.85324 1.50543 0.67481
0.84321 1.50984 0.60919
0.83213 1.51473 0.53698
0.81991 1.51992 0.46072
0.80463 1.52524 0.38261
0.78554 1.53051 0.30512
0.76602 1.53525 0.23594
0.88013 1.97849 0.99847
0.88210 1.97922 0.98801
0.88255 1.98021 0.97358
0.87997 1.98163 0.95262
0.87528 1.98358 0.92349
0.87055 1.98606 0.88645
0.86550 1.98902 0.84286
0.86016 1.99238 0.79310
0.85377 1.99625 0.73610
0.84537 2.00034 0.67557
0.83446 2.00489 0.60872
0.82257 2.00974 0.53733
0.80878 2.01476 0.46381
0.79324 2.02024 0.38379
0.77863 2.02533 0.30951
0.76498 2.02969 0.24586
0.88898 2.47491 0.99752
0.88854 2.47546 0.98959
0.88819 2.47658 0.97327
0.88633 2.47793 0.95348
0.88230 2.47997 0.92350
0.87738 2.48249 0.88631
0.87237 2.48543 0.84300
0.86669 2.48883 0.79287
0.85990 2.49270 0.73610
0.85165 2.49681 0.67565
0.84141 2.50137 0.60873
0.82998 2.50626 0.53739
0.81687 2.51149 0.46093
0.80052 2.51665 0.38562
0.78198 2.52182 0.31042
0.74854 2.52817 0.21871
0.85864 2.97390 1.00000
0.85662 2.97464 0.98922
0.85756 2.97580 0.97255
0.85588 2.97719 0.95214
0.85193 2.97916 0.92316
0.84734 2.98174 0.88530
0.84248 2.98468 0.84225
0.83686 2.98802 0.79312
0.82925 2.99186 0.73689
0.82016 2.99607 0.67519
0.81011 3.00070 0.60763
0.79889 3.00546 0.53819
0.78582 3.01066 0.46252
0.77123 3.01609 0.38358
0.75399 3.02162 0.30337
0.72845 3.02697 0.22575
0.85437 3.48649 0.99812
0.85562 3.48710 0.98930
0.85607 3.48817 0.97386
0.85471 3.48964 0.95240
0.85029 3.49161 0.92357
0.84539 3.49412 0.88668
0.84047 3.49719 0.84173
0.83522 3.50052 0.79314
0.82911 3.50443 0.73613
0.82035 3.50859 0.67537
0.80894 3.51304 0.61038
0.79606 3.51798 0.53832
0.78186 3.52323 0.46201
0.76643 3.52838 0.38728
0.74357 3.53403 0.30562
0.72045 3.53887 0.23527
0.86694 3.97733 0.99892
0.86796 3.97797 0.98959
0.86796 3.97911 0.97302
0.86683 3.98058 0.95161
0.86235 3.98257 0.92253
0.85774 3.98504 0.88641
0.85256 3.98805 0.84245
0.84661 3.99146 0.79265
0.83966 3.99525 0.73734
0.83157 3.99947 0.67589
0.82165 4.00407 0.60883
0.81019 4.00894 0.53803
0.79725 4.01416 0.46247
0.78224 4.01959 0.38369
0.76204 4.02500 0.30539
0.73329 4.03060 0.22437
0.89282 4.48205 0.99928
0.89345 4.48280 0.98837
0.89274 4.48381 0.97378
0.89076 4.48523 0.95310
0.88629 4.48726 0.92350
0.88225 4.48981 0.88629
0.87786 4.49278 0.84289
0.87234 4.49626 0.79231
0.86570 4.50008 0.73668
0.85667 4.50426 0.67566
0.84644 4.50875 0.61046
0.83598 4.51382 0.53686
0.82295 4.51892 0.46299
0.80683 4.52432 0.38462
0.78677 4.52985 0.30467
0.75220 4.53548 0.22339
0.91724 4.98116 0.99796
0.91634 4.98182 0.98849
0.91675 4.98278 0.97464
0.91459 4.98426 0.95310
0.91054 4.98631 0.92322
0.90598 4.98883 0.88660
0.90179 4.99183 0.84292
0.89620 4.99523 0.79331
0.88958 4.99911 0.73701
0.88145 5.00323 0.67699
0.87247 5.00789 0.60942
0.86234 5.01289 0.53692
0.84931 5.01801 0.46275
0.83429 5.02346 0.38373
0.81538 5.02907 0.30261
0.79783 5.03422 0.22756
0.93250 5.48050 0.99889
0.93199 5.48122 0.98849
0.93285 5.48242 0.97119
0.93046 5.48367 0.95297
0.92692 5.48574 0.92291
0.92270 5.48831 0.88550
0.91783 5.49127 0.84239
0.91191 5.49466 0.79308
0.90456 5.49845 0.73794
0.89547 5.50271 0.67617
0.88489 5.50738 0.60831
0.87384 5.51226 0.53755
0.85954 5.51743 0.46273
0.84338 5.52296 0.38270
0.82672 5.52818 0.30734
0.80553 5.53291 0.23902
0.93424 5.99474 0.99804
0.93732 5.99540 0.98858
0.93693 5.99636 0.97468
0.93355 5.99783 0.95332
0.93056 5.99990 0.92319
0.92669 6.00244 0.88629
0.92224 6.00552 0.84159
0.91655 6.00886 0.79304
0.90913 6.01264 0.73813
0.90023 6.01689 0.67645
0.89067 6.02157 0.60864
0.87994 6.02657 0.53621
0.86649 6.03170 0.46189
0.84888 6.03712 0.38363
0.82824 6.04260 0.30448
0.79651 6.04857 0.21862
0.93579 6.48762 0.99811
0.93731 6.48816 0.99026
0.93434 6.48920 0.97521
0.93178 6.49071 0.95329
0.92825 6.49273 0.92380
0.92401 6.49535 0.88600
0.91977 6.49836 0.84215
0.91356 6.50180 0.79220
0.90615 6.50556 0.73768
0.89731 6.50989 0.67488
0.88694 6.51449 0.60828
0.87488 6.51936 0.53771
0.86205 6.52453 0.46297
0.84704 6.53019 0.38110
0.82678 6.53581 0.29998
0.79636 6.54118 0.22205
0.92725 6.98868 0.99998
0.92960 6.98944 0.98897
0.92911 6.99048 0.97400
0.92637 6.99192 0.95305
0.92261 6.99406 0.92209
0.91901 6.99654 0.88612
0.91405 6.99950 0.84307
0.90762 7.00289 0.79383
0.90055 7.00676 0.73770
0.89237 7.01104 0.67585
0.88246 7.01558 0.60991
0.87065 7.02050 0.53880
0.85676 7.02577 0.46251
0.84108 7.03115 0.38485
0.82043 7.03689 0.30190
0.79791 7.04226 0.22429
0.92220 7.50812 0.99882
0.92350 7.50879 0.98915
0.92346 7.50969 0.97612
0.91948 7.51136 0.95188
0.91580 7.51342 0.92202
0.91071 7.51591 0.88582
0.90580 7.51889 0.84258
0.89963 7.52229 0.79337
0.89338 7.52611 0.73799
0.88528 7.53052 0.67413
0.87504 7.53503 0.60891
0.86274 7.53992 0.53814
0.84876 7.54514 0.46260
0.83212 7.55073 0.38182
0.81230 7.55625 0.30212
0.78578 7.56123 0.23019
0.91504 7.99925 0.99895
0.91397 7.99993 0.98916
0.91282 8.00074 0.97749
0.90877 8.00244 0.95275
0.90549 8.00438 0.92478
0.90163 8.00716 0.88446
0.89670 8.01003 0.84274
0.89082 8.01354 0.79185
0.88248 8.01730 0.73740
0.87322 8.02158 0.67552
0.86402 8.02631 0.60707
0.85295 8.03113 0.53742
0.83924 8.03619 0.46415
0.82464 8.04163 0.38558
0.80370 8.04715 0.30595
0.77012 8.05281 0.22411
0.90259 8.48682 0.99899
0.90422 8.48748 0.98944
0.90296 8.48846 0.97533
0.89983 8.48995 0.95372
0.89601 8.49206 0.92313
0.89103 8.49456 0.88683
0.88629 8.49769 0.84145
0.88017 8.50102 0.79331
0.87325 8.50487 0.73750
0.86539 8.50916 0.67540
0.85549 8.51379 0.60853
0.84435 8.51873 0.53704
0.83164 8.52397 0.46144
0.81456 8.52919 0.38591
0.79166 8.53493 0.30310
0.75351 8.54099 0.21575
0.89038 8.99646 0.99828
0.89153 8.99710 0.98909
0.89105 8.99809 0.97479
0.88808 8.99958 0.95328
0.88400 9.00170 0.92259
0.88021 9.00419 0.88641
0.87474 9.00715 0.84358
0.86817 9.01063 0.79307
0.86104 9.01454 0.73656
0.85268 9.01885 0.67422
0.84301 9.02346 0.60761
0.83110 9.02822 0.53871
0.81789 9.03337 0.46440
0.80125 9.03879 0.38608
0.78261 9.04430 0.30669
0.74695 9.05003 0.22401
0.88078 9.50733 0.99813
0.88029 9.50797 0.98891
0.87951 9.50895 0.97473
0.87597 9.51049 0.95234
0.87225 9.51254 0.92277
0.86875 9.51519 0.88436
0.86454 9.51821 0.84068
0.85803 9.52156 0.79214
0.85083 9.52542 0.73632
0.84179 9.52956 0.67637
0.83190 9.53420 0.60927
0.82041 9.53902 0.53962
0.80484 9.54423 0.46437
0.78665 9.54981 0.38382
0.76229 9.55556 0.30098
0.72425 9.56099 0.22245
0.87122 10.00457 0.99836
0.87018 10.00517 0.98984
0.86853 10.00621 0.97480
0.86585 10.00766 0.95371
0.86231 10.00973 0.92375
0.85760 10.01228 0.88686
0.85338 10.01530 0.84317
0.84782 10.01868 0.79424
0.84054 10.02256 0.73809
0.83292 10.02688 0.67572
0.82216 10.03159 0.60776
0.80990 10.03662 0.53497
0.79530 10.04168 0.46186
0.77758 10.04715 0.38288
0.75606 10.05268 0.30325
0.73344 10.05760 0.23225
0.86011 10.51266 0.99825
0.85812 10.51329 0.98909
0.85823 10.51434 0.97387
0.85518 10.51581 0.95269
0.85085 10.51779 0.92396
0.84573 10.52032 0.88729
0.84118 10.52348 0.84161
0.83535 10.52699 0.79083
0.82859 10.53079 0.73597
0.81946 10.53499 0.67515
0.80935 10.53957 0.60909
0.79653 10.54454 0.53718
0.78249 10.54976 0.46187
0.76543 10.55486 0.38825
0.74031 10.56091 0.30108
0.70647 10.56603 0.22723
0.84741 11.01352 0.99990
0.84619 11.01419 0.99033
0.84771 11.01531 0.97419
0.84587 11.01690 0.95127
0.84182 11.01889 0.92242
0.83760 11.02148 0.88502
0.83295 11.02439 0.84287
0.82793 11.02788 0.79238
0.82088 11.03172 0.73686
0.81215 11.03588 0.67673
0.80205 11.04040 0.61139
0.79046 11.04537 0.53957
0.77482 11.05057 0.46455
0.75635 11.05606 0.38522
0.73108 11.06174 0.30345
0.70739 11.06670 0.23181
0.83911 11.50349 0.99990
0.83956 11.50421 0.98960
0.83901 11.50530 0.97378
0.83447 11.50679 0.95227
0.83108 11.50883 0.92275
0.82751 11.51127 0.88754
0.82179 11.51435 0.84280
0.81547 11.51782 0.79266
0.80794 11.52160 0.73803
0.79809 11.52593 0.67542
0.78640 11.53056 0.60865
0.77325 11.53563 0.53540
0.75729 11.54081 0.46063
0.74049 11.54625 0.38222
0.70997 11.55216 0.29709
0.68622 11.55658 0.23328
0.83008 12.01095 0.99948
0.82983 12.01162 0.98987
0.82919 12.01265 0.97501
0.82643 12.01421 0.95249
0.82242 12.01622 0.92342
0.81854 12.01878 0.88633
0.81314 12.02175 0.84337
0.80621 12.02541 0.79040
0.79835 12.02920 0.73572
0.78979 12.03342 0.67465
0.77893 12.03795 0.60929
0.76664 12.04290 0.53782
0.74976 12.04820 0.46141
0.73213 12.05376 0.38111
0.70809 12.05900 0.30564
0.67534 12.06415 0.23137
0.82178 12.53392 0.99945
0.82098 12.53468 0.98858
0.82097 12.53573 0.97343
0.81770 12.53700 0.95495
0.81416 12.53932 0.92150
0.80939 12.54158 0.88882
0.80453 12.54476 0.84292
0.79798 12.54816 0.79367
0.79161 12.55208 0.73710
0.78196 12.55622 0.67723
0.77135 12.56085 0.61032
0.75813 12.56595 0.53677
0.74370 12.57128 0.45983
0.72456 12.57670 0.38164
0.70270 12.58227 0.30134
0.67134 12.58822 0.21540
0.81519 13.02268 0.99990
0.81462 13.02340 0.98969
0.81296 13.02441 0.97505
0.80996 13.02597 0.95245
0.80705 13.02818 0.92059
0.80194 13.03057 0.88600
0.79621 13.03357 0.84264
0.78951 13.03691 0.79435
0.78082 13.04069 0.73973
0.77114 13.04498 0.67782
0.76071 13.04967 0.61002
0.74969 13.05453 0.53998
0.73339 13.05997 0.46138
0.71209 13.06549 0.38179
0.69656 13.07051 0.30935
0.79810 13.51639 0.99935
0.80435 13.51709 0.98916
0.80405 13.51808 0.97483
0.80010 13.51961 0.95281
0.79713 13.52158 0.92424
0.79203 13.52416 0.88694
0.78694 13.52723 0.84251
0.77955 13.53072 0.79210
0.77181 13.53449 0.73761
0.76345 13.53875 0.67617
0.75367 13.54345 0.60825
0.74128 13.54832 0.53803
0.72573 13.55381 0.45876
0.70766 13.55886 0.38606
0.68659 13.56448 0.30501
0.65189 13.56940 0.23414
0.79419 14.02542 1.00000
0.79777 14.02636 0.98642
0.79697 14.02714 0.97514
0.79293 14.02869 0.95265
0.78919 14.03080 0.92216
0.78455 14.03323 0.88716
0.77979 14.03624 0.84347
0.77373 14.03972 0.79328
0.76683 14.04362 0.73697
0.75633 14.04791 0.67508
0.74513 14.05257 0.60787
0.73335 14.05732 0.53910
0.72030 14.06232 0.46713
0.69962 14.06810 0.38368
0.67771 14.07328 0.30926
0.64317 14.07996 0.21337
0.80151 14.53289 0.99990
0.79907 14.53366 0.98897
0.79725 14.53465 0.97461
0.79480 14.53602 0.95485
0.79007 14.53828 0.92221
0.78422 14.54067 0.88755
0.77963 14.54383 0.84206
0.77243 14.54726 0.79241
0.76414 14.55117 0.73599
0.75540 14.55550 0.67348
0.74420 14.56040 0.60277
0.73243 14.56523 0.53304
0.72015 14.56994 0.46507
0.70068 14.57564 0.38291
0.68365 14.58062 0.31104
0.64429 14.58667 0.22389
0.80444 15.01681 0.99896
0.80032 15.01755 0.98831
0.79823 15.01863 0.97277
0.79382 15.01986 0.95493
0.79007 15.02214 0.92194
0.78526 15.02464 0.88575
0.78046 15.02756 0.84365
0.77363 15.03098 0.79424
0.76560 15.03503 0.73579
0.75588 15.03927 0.67455
0.74549 15.04392 0.60757
0.73369 15.04869 0.53863
0.71932 15.05400 0.46205
0.70064 15.05953 0.38233
0.67735 15.06507 0.30256
0.65301 15.06975 0.23500
0.79663 15.53734 0.99990
0.80119 15.53816 0.98812
0.79934 15.53906 0.97522
0.79750 15.54079 0.95021
0.79377 15.54260 0.92402
0.78812 15.54513 0.88748
0.78301 15.54821 0.84296
0.77617 15.55174 0.79205
0.76796 15.55555 0.73703
0.75791 15.55980 0.67559
0.74736 15.56458 0.60682
0.73720 15.56912 0.54116
0.72243 15.57444 0.46454
0.70422 15.57994 0.38530
0.68960 15.58548 0.30513
0.64839 15.59099 0.22571
0.80298 16.03048 0.99996
0.80054 16.03105 0.99167
0.79977 16.03229 0.97385
0.79674 16.03375 0.95269
0.79305 16.03567 0.92501
0.78918 16.03818 0.88871
0.78279 16.04127 0.84413
0.77686 16.04486 0.79228
0.76846 16.04867 0.73728
0.75746 16.05302 0.67438
0.74644 16.05780 0.60556
0.73499 16.06291 0.53172
0.72201 16.06752 0.46523
0.70697 16.07299 0.38645
0.67909 16.07878 0.30317
0.63672 16.08390 0.22938
0.80347 16.52313 1.00000
0.80396 16.52416 0.98518
0.80005 16.52506 0.97220
0.79683 16.52644 0.95217
0.79332 16.52846 0.92302
0.78850 16.53104 0.88583
0.78277 16.53407 0.84197
0.77567 16.53765 0.79024
0.76972 16.54138 0.73659
0.76034 16.54568 0.67449
0.75042 16.55015 0.60993
0.73869 16.55498 0.54033
0.72333 16.56015 0.46570
0.70596 16.56540 0.39010
0.69503 16.57037 0.31838
0.79858 17.03370 0.99990
0.80347 17.03455 0.98777
0.80165 17.03572 0.97074
0.79813 17.03712 0.95064
0.79373 17.03894 0.92434
0.78988 17.04156 0.88656
0.78463 17.04457 0.84312
0.77701 17.04814 0.79151
0.76981 17.05190 0.73735
0.76039 17.05641 0.67210
0.74899 17.06094 0.60670
0.73524 17.06580 0.53664
0.72287 17.07092 0.46269
0.70650 17.07624 0.38619
0.68858 17.08175 0.30673
0.67935 17.08733 0.22641
0.79989 17.53456 0.99855
0.80180 17.53511 0.99065
0.79801 17.53609 0.97643
0.79399 17.53773 0.95275
0.79018 17.53981 0.92280
0.78613 17.54232 0.88647
0.78056 17.54527 0.84392
0.77314 17.54877 0.79333
0.76574 17.55252 0.73932
0.75668 17.55692 0.67591
0.74609 17.56185 0.60479
0.73493 17.56677 0.53380
0.72004 17.57182 0.46094
0.70192 17.57673 0.39028
0.68454 17.58184 0.31629
0.79956 18.05084 0.99990
0.80306 18.05160 0.98897
0.80198 18.05263 0.97421
0.79742 18.05401 0.95412
0.79318 18.05618 0.92284
0.78988 18.05856 0.88850
0.78335 18.06157 0.84500
0.77612 18.06533 0.79071
0.76805 18.06926 0.73403
0.75775 18.07331 0.67568
0.74643 18.07784 0.61018
0.73519 18.08277 0.53918
0.71846 18.08793 0.46476
0.70386 18.09333 0.38691
0.69012 18.09852 0.31227
0.80444 18.55423 1.00000
0.80188 18.55482 0.99153
0.79855 18.55593 0.97545
0.79631 18.55761 0.95110
0.79355 18.55966 0.92168
0.78844 18.56204 0.88728
0.78289 18.56512 0.84281
0.77715 18.56868 0.79147
0.76961 18.57259 0.73507
0.76013 18.57675 0.67504
0.75148 18.58131 0.60924
0.73821 18.58632 0.53704
0.72704 18.59117 0.46698
0.70901 18.59715 0.38101
0.68567 18.60228 0.30685
0.67544 18.60901 0.21000
0.79883 19.04340 0.99932
0.80160 19.04410 0.98941
0.79965 19.04510 0.97504
0.79301 19.04663 0.95281
0.79089 19.04863 0.92399
0.78604 19.05108 0.88856
0.78152 19.05432 0.84190
0.77458 19.05805 0.78803
0.76809 19.06161 0.73662
0.75823 19.06568 0.67800
0.74708 19.07051 0.60837
0.73341 19.07540 0.53787
0.71460 19.08083 0.45952
0.70122 19.08547 0.39260
0.80265 19.53527 0.99890
0.80090 19.53588 0.99003
0.79978 19.53687 0.97583
0.79624 19.53835 0.95455
0.79157 19.54024 0.92720
0.78619 19.54295 0.88809
0.78130 19.54616 0.84179
0.77626 19.54954 0.79300
0.76904 19.55336 0.73785
0.76114 19.55771 0.67507
0.75080 19.56238 0.60790
0.73829 19.56704 0.54054
0.72288 19.57295 0.45539
0.70921 19.57808 0.38147
0.69263 19.58333 0.30587
0.68441 19.58907 0.22336
0.80566 20.03014 0.99841
0.80063 20.03061 0.99160
0.80111 20.03171 0.97580
0.79679 20.03337 0.95191
0.79271 20.03542 0.92214
0.78879 20.03794 0.88579
0.78218 20.04074 0.84534
0.77569 20.04473 0.78792
0.76850 20.04827 0.73678
0.76001 20.05227 0.67907
0.74813 20.05711 0.60922
0.73327 20.06239 0.53326
0.71362 20.06763 0.45768
0.70052 20.07130 0.40479
0.79858 20.54505 0.99990
0.80096 20.54694 0.97271
0.79856 20.54841 0.95159
0.79563 20.55031 0.92415
0.79083 20.55301 0.88512
0.78560 20.55589 0.84369
0.78055 20.55930 0.79450
0.77214 20.56343 0.73479
0.76386 20.56789 0.67058
0.75369 20.57197 0.61169
0.74107 20.57744 0.53286
0.72876 20.58219 0.46429
0.71267 20.58803 0.38024
0.69995 20.59285 0.31075
0.69321 20.59793 0.23765
0.80200 21.04784 0.99885
0.80073 21.04845 0.99009
0.79810 21.04947 0.97547
0.79634 21.05114 0.95134
0.79243 21.05327 0.92061
0.78786 21.05551 0.88829
0.78266 21.05855 0.84437
0.77701 21.06194 0.79555
0.77026 21.06604 0.73627
0.76241 21.07008 0.67805
0.75123 21.07455 0.61369
0.73711 21.08000 0.53503
0.71658 21.08521 0.45978
0.69889 21.08958 0.39700
0.67729 21.09396 0.33392
0.80168 21.55605 0.99856
0.80054 21.55674 0.98865
0.80063 21.55772 0.97455
0.79640 21.55909 0.95482
0.79233 21.56112 0.92547
0.78795 21.56361 0.88947
0.78321 21.56694 0.84150
0.77734 21.57037 0.79210
0.76844 21.57417 0.73729
0.76270 21.57814 0.67999
0.75151 21.58265 0.61490
0.73999 21.58820 0.53492
0.72123 21.59296 0.46631
0.70700 21.59919 0.37652
0.69832 21.60237 0.33089
0.80444 22.05222 1.00000
0.80096 22.05304 0.98812
0.80093 22.05387 0.97611
0.79680 22.05565 0.95048
0.79428 22.05731 0.92658
0.78923 22.06023 0.88434
0.78495 22.06306 0.84359
0.77919 22.06663 0.79212
0.77048 22.07070 0.73340
0.76241 22.07480 0.67424
0.75344 22.07909 0.61245
0.73896 22.08390 0.54309
0.72606 22.08942 0.46350
0.70757 22.09474 0.38689
0.69006 22.10001 0.31102
0.67426 22.10614 0.22275
0.80021 22.56589 0.99820
0.80291 22.56644 0.99025
0.79845 22.56740 0.97631
0.79627 22.56900 0.95324
0.79260 22.57088 0.92620
0.78893 22.57368 0.88577
0.78419 22.57672 0.84196
0.77902 22.57971 0.79878
0.77176 22.58398 0.73726
0.76315 22.58784 0.68152
0.75345 22.59300 0.60723
0.73917 22.59826 0.53143
0.72303 22.60286 0.46509
0.70063 22.60892 0.37759
0.80103 23.05428 0.99990
0.80249 23.05524 0.98608
0.80005 23.05598 0.97541
0.79914 23.05756 0.95259
0.79443 23.05938 0.92635
0.79035 23.06199 0.88876
0.78684 23.06497 0.84576
0.77991 23.06868 0.79220
0.77248 23.07257 0.73602
0.76160 23.07694 0.67317
0.75071 23.08193 0.60114
0.73804 23.08657 0.53433
0.72427 23.09199 0.45618
0.71159 23.09635 0.39346
0.69836 23.10290 0.29920
0.68176 23.12332 0.20526
0.80005 23.54997 0.99990
0.80188 23.55067 0.98989
0.80229 23.55166 0.97554
0.79983 23.55320 0.95338
0.79587 23.55521 0.92438
0.79082 23.55797 0.88459
0.78638 23.56104 0.84025
0.77992 23.56430 0.79327
0.77278 23.56829 0.73567
0.76580 23.57226 0.67858
0.75621 23.57720 0.60736
0.74360 23.58173 0.54196
0.72602 23.58750 0.45882
0.71185 23.59220 0.39112
0.69458 23.59897 0.29363
0.80200 24.05495 0.99937
0.79956 24.05586 0.98630
0.80276 24.05662 0.97528
0.80146 24.05783 0.95783
0.79787 24.06010 0.92515
0.79405 24.06242 0.89168
0.78716 24.06554 0.84666
0.78030 24.06947 0.78999
0.77258 24.07350 0.73186
0.76242 24.07750 0.67409
0.75173 24.08263 0.60023
0.74003 24.08624 0.54822
0.72262 24.09257 0.45710
0.70750 24.09736 0.38806
0.69556 24.10184 0.32374
0.80273 24.54826 0.99897
0.80347 24.54899 0.98844
0.80308 24.55006 0.97294
0.80161 24.55158 0.95098
0.79727 24.55354 0.92278
0.79360 24.55624 0.88386
0.78943 24.55938 0.83858
0.78145 24.56247 0.79388
0.77532 24.56661 0.73415
0.76632 24.57087 0.67285
0.75623 24.57535 0.60833
0.74513 24.58019 0.53860
0.72847 24.58521 0.46628
0.71088 24.59114 0.38080
0.70365 24.59597 0.31137
0.68726 24.60482 0.18386
0.80640 25.05293 0.99835
0.80249 25.05339 0.99175
0.80389 25.05462 0.97394
0.80255 25.05633 0.94937
0.79888 25.05820 0.92228
0.79504 25.06058 0.88808
0.78955 25.06330 0.84883
0.78408 25.06702 0.79518
0.77424 25.07126 0.73405
0.76572 25.07544 0.67377
0.75438 25.08057 0.59986
0.73890 25.08511 0.53440
0.72541 25.09045 0.45744
0.72114 25.09355 0.41289
0.80542 25.56840 0.99999
0.80333 25.56903 0.99083
0.80151 25.56991 0.97820
0.79810 25.57178 0.95121
0.79883 25.57365 0.92433
0.79400 25.57624 0.88686
0.78843 25.57927 0.84325
0.78169 25.58294 0.79025
0.77411 25.58631 0.74163
0.76430 25.59119 0.67132
0.75435 25.59524 0.61290
0.74203 25.60021 0.54134
0.72910 25.60553 0.46464
0.71418 25.61193 0.37251
0.70428 25.61777 0.28849
0.69385 25.62330 0.20881
0.80396 26.05474 0.99990
0.80176 26.05549 0.98921
0.80430 26.05649 0.97474
0.80146 26.05813 0.95107
0.79858 26.05979 0.92716
0.79370 26.06240 0.88961
0.78804 26.06555 0.84413
0.78231 26.06906 0.79350
0.77346 26.07306 0.73582
0.76317 26.07747 0.67223
0.74995 26.08199 0.60706
0.74131 26.08649 0.54231
0.72146 26.09163 0.46821
0.80371 26.56671 0.99941
0.80664 26.56741 0.98931
0.80420 26.56843 0.97453
0.80084 26.56958 0.95790
0.79572 26.57215 0.92081
0.79147 26.57458 0.88585
0.78885 26.57756 0.84277
0.78013 26.58066 0.79810
0.77214 26.58492 0.73670
0.76366 26.58880 0.68071
0.75083 26.59392 0.60697
0.73504 26.59884 0.53609
0.72399 26.60381 0.46466
0.71712 26.60820 0.40118
0.70679 26.61601 0.28841
0.80298 27.06180 0.99894
0.80220 27.06235 0.99089
0.80386 27.06352 0.97416
0.79895 27.06501 0.95256
0.79583 27.06690 0.92530
0.79172 27.06948 0.88806
0.78607 27.07274 0.84121
0.77999 27.07593 0.79518
0.77105 27.07977 0.73980
0.76085 27.08412 0.67711
0.75245 27.08810 0.61977
0.73618 27.09383 0.53710
0.71524 27.09881 0.46537
0.70801 27.10329 0.40105
0.71037 27.10841 0.32731
0.80542 27.57506 0.99990
0.80786 27.57573 0.99030
0.80713 27.57682 0.97450
0.80310 27.57835 0.95247
0.79878 27.58031 0.92422
0.79474 27.58303 0.88491
0.78946 27.58591 0.84341
0.78323 27.58949 0.79191
0.77492 27.59332 0.73665
0.76536 27.59765 0.67421
0.75385 27.60264 0.60234
0.73894 27.60735 0.53442
0.72314 27.61289 0.45467
0.71094 27.61721 0.39228
0.70630 27.62633 0.26108
0.69800 27.63175 0.18313
0.80737 28.07143 0.99990
0.80737 28.07175 0.99546
0.80728 28.07343 0.97115
0.80338 28.07478 0.95177
0.79727 28.07711 0.91814
0.79290 28.07937 0.88547
0.78709 28.08207 0.84664
0.78047 28.08578 0.79309
0.77254 28.08968 0.73680
0.76321 28.09396 0.67527
0.75500 28.09829 0.61287
0.74325 28.10341 0.53909
0.72646 28.10855 0.46496
0.71205 28.11355 0.39301
0.70874 28.11782 0.33158
0.71118 28.12415 0.24044
0.80884 28.57048 0.99936
0.80835 28.57126 0.98816
0.80623 28.57208 0.97627
0.80287 28.57344 0.95668
0.79806 28.57553 0.92650
0.79204 28.57834 0.88606
0.78878 28.58163 0.83859
0.78125 28.58475 0.79367
0.76980 28.58908 0.73116
0.76324 28.59352 0.66724
0.75116 28.59724 0.61359
0.73611 28.60254 0.53732
0.72305 28.60677 0.47644
0.80273 29.07162 0.99829
0.80518 29.07206 0.99196
0.80237 29.07308 0.97713
0.80115 29.07466 0.95447
0.79725 29.07691 0.92199
0.79346 29.07958 0.88346
0.79004 29.08232 0.84397
0.78152 29.08605 0.79025
0.77524 29.08952 0.74026
0.76465 29.09406 0.67473
0.75621 29.09807 0.61688
0.74118 29.10429 0.52740
0.72561 29.11463 0.45550
0.72331 29.11302 0.40160
0.70728 29.11805 0.32926
0.71362 29.12598 0.21529
0.79810 29.57626 0.99990
0.80444 29.57679 0.99243
0.80994 29.57755 0.98139
0.80269 29.57949 0.95342
0.79796 29.58157 0.92352
0.79416 29.58397 0.88881
0.78660 29.58747 0.83828
0.78365 29.59017 0.79953
0.77522 29.59468 0.73455
0.76489 29.59849 0.67944
0.75261 29.60346 0.60788
0.73619 29.60807 0.54145
0.72437 29.61352 0.46317
0.80688 30.07013 0.99923
0.80713 30.07089 0.98831
0.80430 30.07171 0.97654
0.80305 30.07347 0.95110
0.79699 30.07537 0.92380
0.79318 30.07838 0.88033
0.78913 30.08067 0.84738
0.78111 30.08433 0.79461
0.77240 30.08792 0.74281
0.76389 30.09264 0.67478
0.75339 30.09708 0.61085
0.73525 30.10252 0.53229
0.72840 30.10685 0.47007
0.71411 30.11383 0.36938
0.71069 30.11746 0.31739
0.71216 30.12279 0.24066
0.80859 30.58970 0.99840
0.80591 30.59059 0.98547
0.80387 30.59122 0.97644
0.80333 30.59292 0.95200
0.79673 30.59478 0.92505
0.79324 30.59733 0.88844
0.78679 30.60080 0.83846
0.77928 30.60404 0.79160
0.77417 30.60718 0.74637
0.76403 30.61245 0.67040
0.74957 30.61694 0.60569
0.73750 30.62170 0.53712
0.72437 30.62625 0.47150
0.71313 30.63234 0.38398
0.70549 30.63635 0.32613
0.80542 31.07840 0.99990
0.80396 31.07912 0.98952
0.80412 31.08018 0.97422
0.80037 31.08171 0.95214
0.79677 31.08357 0.92537
0.79430 31.08604 0.88975
0.78757 31.08949 0.84010
0.78088 31.09277 0.79277
0.77295 31.09694 0.73272
0.76245 31.10184 0.66213
0.75090 31.10553 0.60896
0.73968 31.11040 0.53872
0.72611 31.11587 0.45974
0.80591 31.58907 0.99990
0.80908 31.58991 0.98779
0.80479 31.59084 0.97436
0.80089 31.59236 0.95260
0.79810 31.59444 0.92251
0.79179 31.59686 0.88750
0.78603 31.60029 0.83813
0.78345 31.60373 0.78860
0.77304 31.60728 0.73751
0.76503 31.61131 0.67936
0.75419 31.61576 0.61525
0.73841 31.62118 0.53716
0.73343 31.62522 0.47897
0.70825 31.63074 0.39935
0.70646 31.64347 0.21620
0.80249 32.09251 1.00000
0.80786 32.09330 0.98867
0.80383 32.09399 0.97867
0.80412 32.09557 0.95589
0.79824 32.09828 0.91695
0.79525 32.10020 0.88926
0.78833 32.10415 0.83235
0.78412 32.10616 0.80343
0.77596 32.11121 0.73057
0.77121 32.11499 0.67613
0.75343 32.12020 0.60108
0.74667 32.12439 0.54067
0.74308 32.12885 0.47638
0.81030 32.60258 1.00000
0.80542 32.60345 0.98741
0.80713 32.60398 0.97981
0.80322 32.60587 0.95253
0.79942 32.60778 0.92507
0.79398 32.61061 0.88429
0.78856 32.61329 0.84566
0.78276 32.61694 0.79304
0.77437 32.62111 0.73292
0.76656 32.62539 0.67133
0.75269 32.63000 0.60471
0.74282 32.63450 0.54003
0.73230 32.64004 0.46022
0.72461 32.65083 0.30526
0.72119 32.65766 0.20640
0.80054 33.10175 0.99990
0.80493 33.10252 0.98885
0.80249 33.10307 0.98089
0.80200 33.10515 0.95097
0.79976 33.10672 0.92838
0.79358 33.10956 0.88724
0.78815 33.11272 0.84184
0.78101 33.11613 0.79268
0.77197 33.11966 0.74183
0.76549 33.12405 0.67858
0.74705 33.12915 0.60491
0.73515 33.13380 0.53801
0.73157 33.13744 0.48591
0.80981 33.59465 1.00000
0.81226 33.59503 0.99442
0.80847 33.59665 0.97116
0.80193 33.59774 0.95537
0.79897 33.59971 0.92703
0.79370 33.60257 0.88584
0.78922 33.60546 0.84401
0.78136 33.60914 0.79105
0.77337 33.61332 0.73080
0.76583 33.61718 0.67533
0.75127 33.62181 0.60855
0.74434 33.62631 0.54363
0.73340 33.63219 0.45888
0.80469 34.10804 0.99846
0.80762 34.10931 0.98016
0.80283 34.11129 0.95160
0.79914 34.11387 0.91438
0.79397 34.11607 0.88274
0.78943 34.11855 0.84697
0.78133 34.12265 0.78785
0.77384 34.12679 0.72832
0.76460 34.13072 0.67166
0.75708 34.13467 0.61464
0.74405 34.13979 0.54107
0.73234 34.14424 0.47698
0.72144 34.15029 0.38983
0.72388 34.15439 0.33091
0.71362 34.16375 0.19620
0.80933 34.60555 0.99990
0.80705 34.60765 0.96984
0.80558 34.60900 0.95040
0.80298 34.61071 0.92577
0.79683 34.61380 0.88129
0.79309 34.61665 0.84006
0.78580 34.61980 0.79480
0.77778 34.62386 0.73620
0.77130 34.62784 0.67887
0.75814 34.63252 0.61138
0.74292 34.63778 0.53563
0.73188 34.64262 0.46597
0.72583 34.65075 0.34893
0.80688 35.11508 0.99990
0.80933 35.11586 0.98872
0.80437 35.11662 0.97787
0.80119 35.11863 0.94894
0.79785 35.12043 0.92283
0.79240 35.12267 0.89058
0.78812 35.12619 0.83983
0.78412 35.12906 0.79862
0.77305 35.13360 0.73304
0.76333 35.13747 0.67726
0.75189 35.14243 0.60595
0.74780 35.14766 0.53077
0.73560 35.15229 0.46385
0.80786 35.61806 0.99951
0.80811 35.61868 0.99058
0.80396 35.62006 0.97063
0.80165 35.62082 0.95966
0.79980 35.62281 0.93096
0.79430 35.62609 0.88376
0.78792 35.62838 0.85067
0.78198 35.63240 0.79281
0.77368 35.63649 0.73378
0.76624 35.64048 0.67625
0.75598 35.64462 0.61673
0.80802 36.10703 0.99885
0.80249 36.10781 0.98758
0.80579 36.10868 0.97500
0.79980 36.11020 0.95315
0.79675 36.11243 0.92097
0.79289 36.11553 0.87632
0.78485 36.11789 0.84226
0.78018 36.12160 0.78869
0.77325 36.12514 0.73775
0.76518 36.12947 0.67539
0.75404 36.13417 0.60767
0.74097 36.13894 0.53884
0.73690 36.14322 0.47740
0.73120 36.14827 0.40475
0.80981 36.60479 0.99990
0.80579 36.60557 0.98874
0.80225 36.60651 0.97519
0.80005 36.60819 0.95086
0.79628 36.60993 0.92581
0.79254 36.61303 0.88116
0.78578 36.61577 0.84179
0.78101 36.61963 0.78609
0.77277 36.62360 0.72892
0.76375 36.62733 0.67508
0.75122 36.63126 0.61862
0.73975 36.63699 0.53600
0.73039 36.64101 0.47810
0.72168 36.64822 0.37429
0.72144 36.65198 0.32002
0.80396 37.12569 0.99990
0.80542 37.12664 0.98627
0.80656 37.12741 0.97511
0.80672 37.12877 0.95550
0.80273 37.13107 0.92245
0.79565 37.13436 0.87502
0.79385 37.13652 0.84394
0.78481 37.13990 0.79522
0.78210 37.14411 0.73445
0.76921 37.14821 0.67552
0.76066 37.15250 0.61351
0.75155 37.15779 0.53755
0.74097 37.16173 0.48071
0.80396 37.62000 0.99990
0.80859 37.62084 0.98790
0.80566 37.62155 0.97762
0.80206 37.62336 0.95158
0.79663 37.62543 0.92164
0.79293 37.62756 0.89097
0.78711 37.63093 0.84245
0.78149 37.63362 0.80370
0.77368 37.63853 0.73296
0.76489 37.64233 0.67829
0.75149 37.64777 0.59977
0.74341 37.65117 0.55097
0.73560 37.65718 0.46457
0.73608 37.66420 0.36309
0.73853 37.67048 0.27306
0.80835 38.12432 0.99990
0.80542 38.12618 0.97330
0.80469 38.12790 0.94840
0.79972 38.12966 0.92306
0.79746 38.13223 0.88606
0.79156 38.13552 0.83863
0.78496 38.13864 0.79376
0.77911 38.14278 0.73413
0.77266 38.14649 0.68054
0.75572 38.15177 0.60459
0.74126 38.15694 0.53002
0.80493 38.61885 0.99999
0.80908 38.61929 0.99367
0.80042 38.62033 0.97868
0.80070 38.62207 0.95365
0.79651 38.62420 0.92284
0.79407 38.62650 0.88969
0.78809 38.62904 0.85312
0.78065 38.63336 0.79086
0.77601 38.63669 0.74296
0.76545 38.64097 0.68104
0.75534 38.64567 0.61354
0.74715 38.65168 0.52697
0.74634 38.65523 0.47608
0.80444 39.13402 0.99843
0.80737 39.13421 0.99568
0.80225 39.13568 0.97439
0.80200 39.13723 0.95211
0.79606 39.13952 0.91916
0.79153 39.14243 0.87715
0.78335 39.14489 0.84168
0.77922 39.14899 0.78268
0.76994 39.15313 0.72308
0.75601 39.15713 0.66547
0.74641 39.16157 0.60131
0.71851 39.16977 0.48344
0.80688 39.62574 0.99990
0.80786 39.62649 0.98918
0.80322 39.62732 0.97727
0.80078 39.62900 0.95313
0.79902 39.63092 0.92531
0.79154 39.63367 0.88572
0.78700 39.63689 0.83929
0.78041 39.63984 0.79688
0.77075 39.64388 0.73859
0.76288 39.64794 0.68021
0.75427 39.65244 0.61531
0.80591 40.12254 0.99990
0.80688 40.12442 0.97291
0.80436 40.12578 0.95327
0.79956 40.12822 0.91804
0.79607 40.13038 0.88693
0.79034 40.13318 0.84666
0.78318 40.13717 0.78916
0.77362 40.14078 0.73706
0.76533 40.14513 0.67440
0.75138 40.14921 0.61573
0.74466 40.15371 0.55095
0.73853 40.15941 0.46878
