A B C D E F G H I J K L M 
0.58377 0.08460 0.10025 0.09923 0.61545 -0.50439 0.02273 -0.39138 0.34618 0.53515 0.68662 0.15000 1
0.55590 0.10963 0.11710 0.16716 0.40953 -0.34450 0.08323 -0.51012 0.39312 0.68662 0.79987 0.15000 1
0.70624 -0.03041 0.07680 -0.04739 0.70090 -0.40089 0.24101 -0.67255 0.35767 0.79987 1.01237 0.15000 1
0.89808 -0.09795 -0.02629 -0.25422 0.72874 -0.25868 0.37938 -0.73601 0.30028 1.01237 1.27041 0.15000 1
1.21499 -0.14997 -0.16774 -0.49004 0.34517 0.16351 0.39738 -0.22262 -0.10289 1.27041 1.35900 0.15000 1
0.60361 -0.21486 0.18565 0.20151 0.55994 -0.32778 0.07839 -0.34777 0.14644 1.35900 1.48513 0.15000 1
0.94054 -0.17695 0.02135 -0.12598 0.29910 -0.03537 0.26852 -0.39623 0.11087 1.48513 1.60384 0.15000 1
0.73722 -0.05317 0.02152 0.05301 0.27940 -0.09110 -0.01986 -0.15426 0.07238 1.60384 1.78073 0.15000 1
1.02305 -0.01174 -0.08564 -0.28127 0.06635 0.12272 0.37693 -0.10705 -0.07409 1.78073 1.87912 0.15000 1
0.50820 -0.03628 0.06500 0.24859 0.37048 -0.17388 0.17060 -0.30404 0.08215 1.87912 1.97989 0.15000 1
1.16945 -0.13826 -0.04362 -0.24788 -0.01838 0.12989 0.56688 -0.38095 0.03075 1.97989 2.15270 0.15000 1
0.78545 -0.24360 0.08288 0.27547 0.21157 -0.07901 0.53936 -0.64053 0.15172 2.15270 2.47622 0.15000 1
0.85882 -0.24521 0.07066 0.12979 0.01130 0.03059 0.82358 -0.11179 -0.11223 2.47622 2.47622 0.15000 1
1.06938 0.03028 -0.06877 -0.13669 0.21839 -0.02316 -0.17738 -0.02272 0.02245 2.47622 2.58754 0.15000 1
0.48289 0.14402 -0.02780 0.15239 0.18908 -0.05166 -0.00035 -0.11939 0.03281 2.58754 2.78284 0.15000 1
0.37693 0.14886 -0.01662 0.04584 0.13935 -0.01919 0.25160 -0.10188 -0.00606 2.78284 2.97538 0.15000 1
0.51645 0.18574 -0.04362 -0.18119 0.26021 -0.03655 0.29431 -0.28211 0.05091 2.97538 3.26763 0.15000 1
0.03521 0.26665 -0.02481 -0.23874 0.33409 -0.05122 0.33301 -0.19023 0.01813 3.26763 3.48785 0.15000 1
0.22350 0.25437 -0.03611 -0.23849 0.38247 -0.06625 0.26202 -0.31267 0.05954 3.48785 3.77669 0.15000 1
0.30651 0.08151 0.00283 -0.24386 0.18700 -0.01249 0.33523 -0.06794 -0.01101 3.77669 3.97875 0.15000 1
0.56198 0.02660 0.00090 -0.32743 0.24715 -0.02311 0.25825 -0.13786 0.01182 3.97875 4.48347 0.15000 1
0.60130 -0.02911 0.01133 -0.35035 0.34343 -0.04344 0.26218 -0.19652 0.02475 4.48347 4.98250 0.15000 1
0.77502 -0.03194 0.00508 -0.42281 0.26570 -0.02534 0.31885 -0.16982 0.01735 4.98250 5.48195 0.15000 1
1.05075 -0.08459 0.00557 -0.52781 0.18859 -0.00792 0.30048 -0.06953 -0.00026 5.48195 5.99608 0.15000 1
1.02407 -0.09870 0.00866 -0.54766 0.33077 -0.03099 0.22132 -0.15466 0.01606 5.99608 6.48892 0.15000 1
1.37501 -0.16765 0.01099 -0.60679 0.23888 -0.01554 0.02852 -0.01776 -0.00039 6.48892 6.99013 0.15000 1
0.63596 0.06087 -0.00653 -0.74234 0.23506 -0.01238 0.33542 -0.08982 0.00376 6.99013 7.50949 0.15000 1
0.19931 0.14876 -0.01049 -0.87737 0.32282 -0.02171 0.49039 -0.16640 0.01126 7.50949 8.00059 0.15000 1
-0.04120 0.22279 -0.01597 -0.85127 0.20738 -0.00781 0.72583 -0.14532 0.00505 8.00059 8.48818 0.15000 1
0.12735 0.14025 -0.00858 -0.76178 0.29190 -0.01904 0.74812 -0.23054 0.01482 8.48818 8.99781 0.15000 1
0.10537 0.17720 -0.01239 -0.96409 0.19773 -0.00619 0.95401 -0.18189 0.00695 8.99781 9.50868 0.15000 1
0.15247 0.12158 -0.00709 -0.79084 0.23264 -0.01174 0.84481 -0.19452 0.00948 9.50868 10.00590 0.15000 1
-0.29503 0.19205 -0.00965 -0.84780 0.28879 -0.01683 1.01364 -0.26622 0.01500 10.00590 10.51402 0.15000 1
0.01191 0.13773 -0.00725 -0.80970 0.18783 -0.00763 1.00372 -0.18402 0.00733 10.51402 11.01498 0.15000 1
0.00193 0.16525 -0.00965 -0.62081 0.12788 -0.00381 0.96686 -0.18681 0.00793 11.01498 11.50495 0.15000 1
0.08634 0.10309 -0.00490 -0.61964 0.16620 -0.00712 0.99683 -0.18724 0.00773 11.50495 12.01236 0.15000 1
0.13864 0.08105 -0.00343 -0.70336 0.19513 -0.00897 0.99916 -0.19567 0.00844 12.01236 12.53533 0.15000 1
0.17595 0.07569 -0.00323 -0.70674 0.21386 -0.01047 0.94502 -0.21386 0.01025 12.53533 13.02411 0.15000 1
0.14823 0.09386 -0.00447 -0.82392 0.12570 -0.00300 0.85504 -0.09922 0.00198 13.02411 13.51779 0.15000 1
0.27611 0.05576 -0.00235 -0.65147 0.16216 -0.00664 0.80398 -0.15293 0.00623 13.51779 14.02690 0.15000 1
0.84766 -0.06155 0.00310 -0.47203 0.19454 -0.00985 1.01633 -0.22041 0.00996 14.02690 14.53430 0.15000 1
1.82177 -0.14177 0.00402 -0.26730 0.01332 0.00161 0.84047 -0.08964 0.00182 14.53430 15.01821 0.15000 1
1.12807 -0.08397 0.00325 -0.48164 0.11598 -0.00428 0.91248 -0.13203 0.00433 15.01821 15.53884 0.15000 1
0.37971 0.01098 0.00025 -0.44956 0.14880 -0.00654 0.80510 -0.15369 0.00618 15.53884 16.03189 0.15000 1
0.05904 0.06925 -0.00214 -0.31818 0.05256 -0.00106 0.68160 -0.07498 0.00176 16.03189 16.52470 0.15000 1
0.11312 0.04297 -0.00075 -0.51080 0.15431 -0.00651 0.58492 -0.12794 0.00531 16.52470 17.03527 0.15000 1
0.20846 0.07675 -0.00305 -0.85110 0.05855 0.00027 0.83460 -0.05650 0.00027 17.03527 17.53587 0.15000 1
0.19719 0.05646 -0.00186 -0.84414 0.09528 -0.00186 0.75419 -0.07880 0.00181 17.53587 18.05227 0.15000 1
0.40435 -0.01722 0.00158 -0.80481 0.19352 -0.00741 0.67141 -0.11615 0.00413 18.05227 18.55565 0.15000 1
1.75221 -0.03881 -0.00115 -0.81675 -0.07817 0.00721 0.70335 0.03352 -0.00400 18.55565 19.04481 0.15000 1
1.60930 -0.18919 0.00713 -0.55553 0.29245 -0.01294 0.79317 -0.21540 0.00881 19.04481 19.53659 0.15000 1
2.82184 -0.12554 0.00072 -0.57284 -0.15081 0.00974 0.64069 0.06452 -0.00508 19.53659 20.03146 0.15000 1
2.23936 -0.24495 0.00811 -0.45987 0.24390 -0.01021 0.38353 -0.13554 0.00552 20.03146 20.54680 0.15000 1
3.36605 -0.23389 0.00492 -0.54772 0.01699 0.00101 0.55102 -0.02508 -0.00023 20.54680 21.04922 0.15000 1
3.29731 -0.24205 0.00546 -0.38667 0.04742 -0.00080 0.45349 -0.04759 0.00105 21.04922 21.55740 0.15000 1
3.30225 -0.24310 0.00550 -0.45539 0.04866 -0.00070 0.33366 -0.02562 0.00029 21.55740 22.05370 0.15000 1
3.22592 -0.22239 0.00472 -0.42407 0.02345 0.00038 0.59625 -0.02959 -0.00007 22.05370 22.56718 0.15000 1
3.28741 -0.28622 0.00743 -0.38081 0.20302 -0.00768 0.55056 -0.15609 0.00563 22.56718 23.05577 0.15000 1
3.43404 -0.18697 0.00286 -0.70988 -0.08434 0.00538 0.77559 0.04309 -0.00341 23.05577 23.55138 0.15000 1
3.33546 -0.21713 0.00431 -0.78911 0.08426 -0.00162 0.77824 -0.08290 0.00192 23.55138 24.05632 0.15000 1
3.33029 -0.26260 0.00621 -0.68117 0.15187 -0.00461 0.49608 -0.08340 0.00243 24.05632 24.54972 0.15000 1
3.31704 -0.18174 0.00295 -0.65086 -0.00707 0.00179 0.43047 0.00170 -0.00092 24.54972 25.05432 0.15000 1
3.24198 -0.28112 0.00704 -0.40242 0.26265 -0.00939 0.58941 -0.18892 0.00645 25.05432 25.56978 0.15000 1
3.79890 -0.12300 0.00002 -0.39252 -0.27252 0.01149 0.63236 0.14921 -0.00681 25.56978 26.05622 0.15000 1
3.07084 -0.27338 0.00687 -0.29722 0.29299 -0.01037 0.48343 -0.20996 0.00720 26.05622 26.56803 0.15000 1
4.64438 -0.26231 0.00422 -0.91540 -0.00002 0.00153 0.53335 0.00777 -0.00107 26.56803 27.06317 0.15000 1
4.65169 -0.33646 0.00691 -0.91232 0.16938 -0.00463 0.58308 -0.09867 0.00273 27.06317 27.57649 0.15000 1
4.66552 -0.34166 0.00710 -0.92134 0.24354 -0.00734 0.55855 -0.15575 0.00486 27.57649 28.07285 0.15000 1
6.84648 -0.33850 0.00423 -1.95219 -0.11130 0.00658 0.64694 0.11969 -0.00506 28.07285 28.57182 0.15000 1
6.62467 -0.46365 0.00887 -2.27882 0.25582 -0.00585 0.93293 -0.09600 0.00213 28.57182 29.07285 0.15000 1
7.08606 -0.37515 0.00529 -2.49286 0.05984 0.00114 0.34808 0.02883 -0.00146 29.07285 29.57752 0.15000 1
6.78810 -0.44325 0.00791 -2.43346 0.26314 -0.00576 0.34993 -0.08280 0.00228 29.57752 30.07155 0.15000 1
6.89442 -0.45052 0.00804 -2.48855 0.28993 -0.00658 0.45518 -0.10762 0.00298 30.07155 30.59111 0.15000 1
7.15537 -0.45722 0.00797 -2.52302 0.26074 -0.00557 0.44728 -0.07999 0.00207 30.59111 31.07985 0.15000 1
7.12704 -0.44673 0.00765 -2.57872 0.25834 -0.00539 0.46679 -0.08272 0.00211 31.07985 31.59054 0.15000 1
7.18689 -0.45832 0.00795 -2.63304 0.26385 -0.00550 0.59829 -0.07958 0.00187 31.59054 32.09385 0.15000 1
7.18810 -0.44122 0.00740 -2.56352 0.30482 -0.00680 0.83201 -0.15705 0.00403 32.09385 32.60397 0.15000 1
7.59812 -0.44359 0.00701 -2.56059 0.24159 -0.00467 0.67635 -0.09362 0.00211 32.60397 33.10312 0.15000 1
7.59721 -0.50067 0.00875 -2.57077 0.35549 -0.00814 0.45413 -0.14079 0.00376 33.10312 33.59602 0.15000 1
7.60415 -0.46509 0.00769 -2.47833 0.29236 -0.00635 0.67193 -0.12278 0.00304 33.59602 34.10955 0.15000 1
7.59938 -0.45290 0.00729 -2.44717 0.26615 -0.00548 0.47742 -0.10239 0.00253 34.10955 34.60740 0.15000 1
7.65413 -0.44544 0.00702 -2.40605 0.30138 -0.00650 0.40871 -0.13035 0.00337 34.60740 35.11655 0.15000 1
7.65413 -0.46459 0.00755 -2.31893 0.32017 -0.00708 0.22422 -0.12816 0.00344 35.11655 35.61940 0.15000 1
7.67783 -0.46680 0.00754 -2.28521 0.32537 -0.00712 0.25109 -0.12681 0.00330 35.61940 36.10843 0.15000 1
7.74902 -0.46995 0.00755 -2.31597 0.33834 -0.00739 0.28240 -0.13980 0.00359 36.10843 36.60626 0.15000 1
7.81614 -0.47250 0.00753 -2.28420 0.29595 -0.00615 0.41369 -0.10958 0.00261 36.60626 37.12713 0.15000 1
7.89193 -0.42913 0.00630 -2.32785 0.30463 -0.00633 0.39007 -0.14941 0.00368 37.12713 37.62144 0.15000 1
7.89193 -0.47486 0.00748 -2.30007 0.31533 -0.00655 0.55560 -0.12815 0.00295 37.62144 38.12613 0.15000 1
7.89682 -0.44621 0.00671 -2.28142 0.33805 -0.00712 0.49894 -0.16527 0.00393 38.12613 38.62013 0.15000 1
7.89788 -0.43412 0.00637 -2.29829 0.33579 -0.00698 0.37180 -0.17127 0.00413 38.62013 39.13528 0.15000 1
8.33309 -0.48171 0.00726 -2.25720 0.34221 -0.00706 0.33932 -0.14974 0.00354 39.13528 39.62714 0.15000 1
8.32754 -0.47399 0.00702 -2.28239 0.33372 -0.00674 0.54645 -0.15590 0.00350 39.62714 40.12424 0.15000 1
