
# Surface 0 of 1 surfaces

# Curve title: "'-'"

# IsoCurve 0, 50 points
# x y z type
 40.1594  0.183129  0.706189 i
 40.1594  0.199799  0.708246 i
 40.1594  0.21647  0.710299 i
 40.1594  0.233141  0.712348 i
 40.1594  0.249812  0.714394 i
 40.1594  0.266483  0.716435 i
 40.1594  0.283153  0.718473 i
 40.1594  0.299824  0.720505 i
 40.1594  0.316495  0.722533 i
 40.1594  0.333166  0.724555 i
 40.1594  0.349837  0.72657 i
 40.1594  0.366508  0.728578 i
 40.1594  0.383178  0.730577 i
 40.1594  0.399849  0.732567 i
 40.1594  0.41652  0.734544 i
 40.1594  0.433191  0.736506 i
 40.1594  0.449862  0.738449 i
 40.1594  0.466533  0.740362 i
 40.1594  0.483203  0.742222 i
 40.1594  0.499874  0.744052 i
 40.1594  0.516545  0.745874 i
 40.1594  0.533216  0.747702 i
 40.1594  0.549887  0.749554 i
 40.1594  0.566557  0.751453 i
 40.1594  0.583228  0.753386 i
 40.1594  0.599899  0.755347 i
 40.1594  0.61657  0.757331 i
 40.1594  0.633241  0.759339 i
 40.1594  0.649912  0.76137 i
 40.1594  0.666582  0.763424 i
 40.1594  0.683253  0.765503 i
 40.1594  0.699924  0.767607 i
 40.1594  0.716595  0.769735 i
 40.1594  0.733266  0.771886 i
 40.1594  0.749937  0.774062 i
 40.1594  0.766607  0.776263 i
 40.1594  0.783278  0.778487 i
 40.1594  0.799949  0.780735 i
 40.1594  0.81662  0.783008 i
 40.1594  0.833291  0.785304 i
 40.1594  0.849962  0.787624 i
 40.1594  0.866632  0.789967 i
 40.1594  0.883303  0.792335 i
 40.1594  0.899974  0.794726 i
 40.1594  0.916645  0.79714 i
 40.1594  0.933316  0.799578 i
 40.1594  0.949986  0.802037 i
 40.1594  0.966657  0.804517 i
 40.1594  0.983328  0.807012 i
 40.1594  0.999999  0.809509 i

# IsoCurve 1, 50 points
# x y z type
 39.3605  0.183129  0.705706 i
 39.3605  0.199799  0.707699 i
 39.3605  0.21647  0.70969 i
 39.3605  0.233141  0.711679 i
 39.3605  0.249812  0.713666 i
 39.3605  0.266483  0.71565 i
 39.3605  0.283153  0.717633 i
 39.3605  0.299824  0.719613 i
 39.3605  0.316495  0.721591 i
 39.3605  0.333166  0.723566 i
 39.3605  0.349837  0.72554 i
 39.3605  0.366508  0.727511 i
 39.3605  0.383178  0.72948 i
 39.3605  0.399849  0.731448 i
 39.3605  0.41652  0.733413 i
 39.3605  0.433191  0.735378 i
 39.3605  0.449862  0.737342 i
 39.3605  0.466533  0.739306 i
 39.3605  0.483203  0.741271 i
 39.3605  0.499874  0.743239 i
 39.3605  0.516545  0.745211 i
 39.3605  0.533216  0.747188 i
 39.3605  0.549887  0.749172 i
 39.3605  0.566557  0.751166 i
 39.3605  0.583228  0.753171 i
 39.3605  0.599899  0.755189 i
 39.3605  0.61657  0.757222 i
 39.3605  0.633241  0.759272 i
 39.3605  0.649912  0.761339 i
 39.3605  0.666582  0.763425 i
 39.3605  0.683253  0.765531 i
 39.3605  0.699924  0.767658 i
 39.3605  0.716595  0.769807 i
 39.3605  0.733266  0.771978 i
 39.3605  0.749937  0.774171 i
 39.3605  0.766607  0.776387 i
 39.3605  0.783278  0.778625 i
 39.3605  0.799949  0.780885 i
 39.3605  0.81662  0.783168 i
 39.3605  0.833291  0.785472 i
 39.3605  0.849962  0.787797 i
 39.3605  0.866632  0.790142 i
 39.3605  0.883303  0.792506 i
 39.3605  0.899974  0.794888 i
 39.3605  0.916645  0.797287 i
 39.3605  0.933316  0.7997 i
 39.3605  0.949986  0.802127 i
 39.3605  0.966657  0.804564 i
 39.3605  0.983328  0.807012 i
 39.3605  0.999999  0.809467 i

# IsoCurve 2, 50 points
# x y z type
 38.5615  0.183129  0.706372 i
 38.5615  0.199799  0.708319 i
 38.5615  0.21647  0.710265 i
 38.5615  0.233141  0.712209 i
 38.5615  0.249812  0.714151 i
 38.5615  0.266483  0.716092 i
 38.5615  0.283153  0.718032 i
 38.5615  0.299824  0.71997 i
 38.5615  0.316495  0.721907 i
 38.5615  0.333166  0.723843 i
 38.5615  0.349837  0.725777 i
 38.5615  0.366508  0.72771 i
 38.5615  0.383178  0.72964 i
 38.5615  0.399849  0.731568 i
 38.5615  0.41652  0.733494 i
 38.5615  0.433191  0.735416 i
 38.5615  0.449862  0.737335 i
 38.5615  0.466533  0.739253 i
 38.5615  0.483203  0.741169 i
 38.5615  0.499874  0.743088 i
 38.5615  0.516545  0.745014 i
 38.5615  0.533216  0.74695 i
 38.5615  0.549887  0.7489 i
 38.5615  0.566557  0.750867 i
 38.5615  0.583228  0.752852 i
 38.5615  0.599899  0.754858 i
 38.5615  0.61657  0.756885 i
 38.5615  0.633241  0.758933 i
 38.5615  0.649912  0.761003 i
 38.5615  0.666582  0.763096 i
 38.5615  0.683253  0.765211 i
 38.5615  0.699924  0.767348 i
 38.5615  0.716595  0.769509 i
 38.5615  0.733266  0.771692 i
 38.5615  0.749937  0.773898 i
 38.5615  0.766607  0.776127 i
 38.5615  0.783278  0.778379 i
 38.5615  0.799949  0.780653 i
 38.5615  0.81662  0.78295 i
 38.5615  0.833291  0.78527 i
 38.5615  0.849962  0.787612 i
 38.5615  0.866632  0.789977 i
 38.5615  0.883303  0.792363 i
 38.5615  0.899974  0.794772 i
 38.5615  0.916645  0.797201 i
 38.5615  0.933316  0.799651 i
 38.5615  0.949986  0.80212 i
 38.5615  0.966657  0.804604 i
 38.5615  0.983328  0.807101 i
 38.5615  0.999999  0.809601 i

# IsoCurve 3, 50 points
# x y z type
 37.7626  0.183129  0.708502 i
 37.7626  0.199799  0.710363 i
 37.7626  0.21647  0.712209 i
 37.7626  0.233141  0.714037 i
 37.7626  0.249812  0.715846 i
 37.7626  0.266483  0.717637 i
 37.7626  0.283153  0.719409 i
 37.7626  0.299824  0.721167 i
 37.7626  0.316495  0.722914 i
 37.7626  0.333166  0.724659 i
 37.7626  0.349837  0.726406 i
 37.7626  0.366508  0.728161 i
 37.7626  0.383178  0.72993 i
 37.7626  0.399849  0.731715 i
 37.7626  0.41652  0.733518 i
 37.7626  0.433191  0.73534 i
 37.7626  0.449862  0.737181 i
 37.7626  0.466533  0.739043 i
 37.7626  0.483203  0.740925 i
 37.7626  0.499874  0.742827 i
 37.7626  0.516545  0.74475 i
 37.7626  0.533216  0.746693 i
 37.7626  0.549887  0.748657 i
 37.7626  0.566557  0.750643 i
 37.7626  0.583228  0.752649 i
 37.7626  0.599899  0.754677 i
 37.7626  0.61657  0.756727 i
 37.7626  0.633241  0.758798 i
 37.7626  0.649912  0.760891 i
 37.7626  0.666582  0.763005 i
 37.7626  0.683253  0.765141 i
 37.7626  0.699924  0.7673 i
 37.7626  0.716595  0.769479 i
 37.7626  0.733266  0.771681 i
 37.7626  0.749937  0.773905 i
 37.7626  0.766607  0.77615 i
 37.7626  0.783278  0.778416 i
 37.7626  0.799949  0.780704 i
 37.7626  0.81662  0.783013 i
 37.7626  0.833291  0.785342 i
 37.7626  0.849962  0.787691 i
 37.7626  0.866632  0.79006 i
 37.7626  0.883303  0.792447 i
 37.7626  0.899974  0.794852 i
 37.7626  0.916645  0.797274 i
 37.7626  0.933316  0.79971 i
 37.7626  0.949986  0.802159 i
 37.7626  0.966657  0.80462 i
 37.7626  0.983328  0.80709 i
 37.7626  0.999999  0.809566 i

# IsoCurve 4, 50 points
# x y z type
 36.9636  0.183129  0.706441 i
 36.9636  0.199799  0.708322 i
 36.9636  0.21647  0.710201 i
 36.9636  0.233141  0.712076 i
 36.9636  0.249812  0.713949 i
 36.9636  0.266483  0.715821 i
 36.9636  0.283153  0.717692 i
 36.9636  0.299824  0.719562 i
 36.9636  0.316495  0.721434 i
 36.9636  0.333166  0.723307 i
 36.9636  0.349837  0.725184 i
 36.9636  0.366508  0.727064 i
 36.9636  0.383178  0.728949 i
 36.9636  0.399849  0.730841 i
 36.9636  0.41652  0.73274 i
 36.9636  0.433191  0.734648 i
 36.9636  0.449862  0.736566 i
 36.9636  0.466533  0.738495 i
 36.9636  0.483203  0.740437 i
 36.9636  0.499874  0.742392 i
 36.9636  0.516545  0.744362 i
 36.9636  0.533216  0.746347 i
 36.9636  0.549887  0.748349 i
 36.9636  0.566557  0.750368 i
 36.9636  0.583228  0.752406 i
 36.9636  0.599899  0.754462 i
 36.9636  0.61657  0.756538 i
 36.9636  0.633241  0.758634 i
 36.9636  0.649912  0.760749 i
 36.9636  0.666582  0.762885 i
 36.9636  0.683253  0.765041 i
 36.9636  0.699924  0.767218 i
 36.9636  0.716595  0.769416 i
 36.9636  0.733266  0.771634 i
 36.9636  0.749937  0.773873 i
 36.9636  0.766607  0.776132 i
 36.9636  0.783278  0.778411 i
 36.9636  0.799949  0.78071 i
 36.9636  0.81662  0.783029 i
 36.9636  0.833291  0.785367 i
 36.9636  0.849962  0.787724 i
 36.9636  0.866632  0.790098 i
 36.9636  0.883303  0.792489 i
 36.9636  0.899974  0.794896 i
 36.9636  0.916645  0.797318 i
 36.9636  0.933316  0.799753 i
 36.9636  0.949986  0.8022 i
 36.9636  0.966657  0.804658 i
 36.9636  0.983328  0.807123 i
 36.9636  0.999999  0.809595 i

# IsoCurve 5, 50 points
# x y z type
 36.1647  0.183129  0.704822 i
 36.1647  0.199799  0.70679 i
 36.1647  0.21647  0.708757 i
 36.1647  0.233141  0.710722 i
 36.1647  0.249812  0.712686 i
 36.1647  0.266483  0.714648 i
 36.1647  0.283153  0.71661 i
 36.1647  0.299824  0.71857 i
 36.1647  0.316495  0.720529 i
 36.1647  0.333166  0.722486 i
 36.1647  0.349837  0.724441 i
 36.1647  0.366508  0.726393 i
 36.1647  0.383178  0.728339 i
 36.1647  0.399849  0.730277 i
 36.1647  0.41652  0.732199 i
 36.1647  0.433191  0.734112 i
 36.1647  0.449862  0.736027 i
 36.1647  0.466533  0.737952 i
 36.1647  0.483203  0.739898 i
 36.1647  0.499874  0.741867 i
 36.1647  0.516545  0.743858 i
 36.1647  0.533216  0.745868 i
 36.1647  0.549887  0.747897 i
 36.1647  0.566557  0.749944 i
 36.1647  0.583228  0.752009 i
 36.1647  0.599899  0.754092 i
 36.1647  0.61657  0.756194 i
 36.1647  0.633241  0.758315 i
 36.1647  0.649912  0.760455 i
 36.1647  0.666582  0.762613 i
 36.1647  0.683253  0.76479 i
 36.1647  0.699924  0.766986 i
 36.1647  0.716595  0.769201 i
 36.1647  0.733266  0.771434 i
 36.1647  0.749937  0.773686 i
 36.1647  0.766607  0.775957 i
 36.1647  0.783278  0.778247 i
 36.1647  0.799949  0.780555 i
 36.1647  0.81662  0.782882 i
 36.1647  0.833291  0.785228 i
 36.1647  0.849962  0.787592 i
 36.1647  0.866632  0.789975 i
 36.1647  0.883303  0.792375 i
 36.1647  0.899974  0.794794 i
 36.1647  0.916645  0.797231 i
 36.1647  0.933316  0.799684 i
 36.1647  0.949986  0.802153 i
 36.1647  0.966657  0.804635 i
 36.1647  0.983328  0.807127 i
 36.1647  0.999999  0.809623 i

# IsoCurve 6, 50 points
# x y z type
 35.3657  0.183129  0.702645 i
 35.3657  0.199799  0.704656 i
 35.3657  0.21647  0.706667 i
 35.3657  0.233141  0.70868 i
 35.3657  0.249812  0.710694 i
 35.3657  0.266483  0.71271 i
 35.3657  0.283153  0.714727 i
 35.3657  0.299824  0.716746 i
 35.3657  0.316495  0.718767 i
 35.3657  0.333166  0.72079 i
 35.3657  0.349837  0.722816 i
 35.3657  0.366508  0.724845 i
 35.3657  0.383178  0.726877 i
 35.3657  0.399849  0.728913 i
 35.3657  0.41652  0.730953 i
 35.3657  0.433191  0.732997 i
 35.3657  0.449862  0.735047 i
 35.3657  0.466533  0.737102 i
 35.3657  0.483203  0.739165 i
 35.3657  0.499874  0.741235 i
 35.3657  0.516545  0.743313 i
 35.3657  0.533216  0.745401 i
 35.3657  0.549887  0.747499 i
 35.3657  0.566557  0.749608 i
 35.3657  0.583228  0.751729 i
 35.3657  0.599899  0.753863 i
 35.3657  0.61657  0.75601 i
 35.3657  0.633241  0.758171 i
 35.3657  0.649912  0.760347 i
 35.3657  0.666582  0.762539 i
 35.3657  0.683253  0.764745 i
 35.3657  0.699924  0.766968 i
 35.3657  0.716595  0.769207 i
 35.3657  0.733266  0.771462 i
 35.3657  0.749937  0.773734 i
 35.3657  0.766607  0.776022 i
 35.3657  0.783278  0.778326 i
 35.3657  0.799949  0.780646 i
 35.3657  0.81662  0.782982 i
 35.3657  0.833291  0.785334 i
 35.3657  0.849962  0.787701 i
 35.3657  0.866632  0.790082 i
 35.3657  0.883303  0.792477 i
 35.3657  0.899974  0.794884 i
 35.3657  0.916645  0.797304 i
 35.3657  0.933316  0.799733 i
 35.3657  0.949986  0.802173 i
 35.3657  0.966657  0.804621 i
 35.3657  0.983328  0.807076 i
 35.3657  0.999999  0.809537 i

# IsoCurve 7, 50 points
# x y z type
 34.5668  0.183129  0.703305 i
 34.5668  0.199799  0.705288 i
 34.5668  0.21647  0.707269 i
 34.5668  0.233141  0.709246 i
 34.5668  0.249812  0.711221 i
 34.5668  0.266483  0.713194 i
 34.5668  0.283153  0.715164 i
 34.5668  0.299824  0.717132 i
 34.5668  0.316495  0.719099 i
 34.5668  0.333166  0.721063 i
 34.5668  0.349837  0.723026 i
 34.5668  0.366508  0.724989 i
 34.5668  0.383178  0.726953 i
 34.5668  0.399849  0.728922 i
 34.5668  0.41652  0.730896 i
 34.5668  0.433191  0.732881 i
 34.5668  0.449862  0.734877 i
 34.5668  0.466533  0.736888 i
 34.5668  0.483203  0.738914 i
 34.5668  0.499874  0.740957 i
 34.5668  0.516545  0.743017 i
 34.5668  0.533216  0.745093 i
 34.5668  0.549887  0.747186 i
 34.5668  0.566557  0.749294 i
 34.5668  0.583228  0.751418 i
 34.5668  0.599899  0.753558 i
 34.5668  0.61657  0.755714 i
 34.5668  0.633241  0.757886 i
 34.5668  0.649912  0.760073 i
 34.5668  0.666582  0.762276 i
 34.5668  0.683253  0.764495 i
 34.5668  0.699924  0.76673 i
 34.5668  0.716595  0.76898 i
 34.5668  0.733266  0.771245 i
 34.5668  0.749937  0.773526 i
 34.5668  0.766607  0.775823 i
 34.5668  0.783278  0.778135 i
 34.5668  0.799949  0.780462 i
 34.5668  0.81662  0.782805 i
 34.5668  0.833291  0.785163 i
 34.5668  0.849962  0.787537 i
 34.5668  0.866632  0.789925 i
 34.5668  0.883303  0.792329 i
 34.5668  0.899974  0.794748 i
 34.5668  0.916645  0.797181 i
 34.5668  0.933316  0.799629 i
 34.5668  0.949986  0.802092 i
 34.5668  0.966657  0.804566 i
 34.5668  0.983328  0.80705 i
 34.5668  0.999999  0.809536 i

# IsoCurve 8, 50 points
# x y z type
 33.7678  0.183129  0.701719 i
 33.7678  0.199799  0.703731 i
 33.7678  0.21647  0.705744 i
 33.7678  0.233141  0.707757 i
 33.7678  0.249812  0.70977 i
 33.7678  0.266483  0.711785 i
 33.7678  0.283153  0.713802 i
 33.7678  0.299824  0.715822 i
 33.7678  0.316495  0.717846 i
 33.7678  0.333166  0.719873 i
 33.7678  0.349837  0.721904 i
 33.7678  0.366508  0.723941 i
 33.7678  0.383178  0.725984 i
 33.7678  0.399849  0.728033 i
 33.7678  0.41652  0.730089 i
 33.7678  0.433191  0.732152 i
 33.7678  0.449862  0.734224 i
 33.7678  0.466533  0.736304 i
 33.7678  0.483203  0.738394 i
 33.7678  0.499874  0.740494 i
 33.7678  0.516545  0.742604 i
 33.7678  0.533216  0.744727 i
 33.7678  0.549887  0.746861 i
 33.7678  0.566557  0.749007 i
 33.7678  0.583228  0.751167 i
 33.7678  0.599899  0.75334 i
 33.7678  0.61657  0.755526 i
 33.7678  0.633241  0.757726 i
 33.7678  0.649912  0.75994 i
 33.7678  0.666582  0.762168 i
 33.7678  0.683253  0.764409 i
 33.7678  0.699924  0.766665 i
 33.7678  0.716595  0.768934 i
 33.7678  0.733266  0.771216 i
 33.7678  0.749937  0.773513 i
 33.7678  0.766607  0.775823 i
 33.7678  0.783278  0.778146 i
 33.7678  0.799949  0.780483 i
 33.7678  0.81662  0.782832 i
 33.7678  0.833291  0.785194 i
 33.7678  0.849962  0.787568 i
 33.7678  0.866632  0.789953 i
 33.7678  0.883303  0.79235 i
 33.7678  0.899974  0.794757 i
 33.7678  0.916645  0.797174 i
 33.7678  0.933316  0.7996 i
 33.7678  0.949986  0.802033 i
 33.7678  0.966657  0.804473 i
 33.7678  0.983328  0.806918 i
 33.7678  0.999999  0.809368 i

# IsoCurve 9, 50 points
# x y z type
 32.9689  0.183129  0.700271 i
 32.9689  0.199799  0.702338 i
 32.9689  0.21647  0.704404 i
 32.9689  0.233141  0.70647 i
 32.9689  0.249812  0.708536 i
 32.9689  0.266483  0.710603 i
 32.9689  0.283153  0.712672 i
 32.9689  0.299824  0.714742 i
 32.9689  0.316495  0.716816 i
 32.9689  0.333166  0.718893 i
 32.9689  0.349837  0.720974 i
 32.9689  0.366508  0.723059 i
 32.9689  0.383178  0.72515 i
 32.9689  0.399849  0.727247 i
 32.9689  0.41652  0.72935 i
 32.9689  0.433191  0.73146 i
 32.9689  0.449862  0.733577 i
 32.9689  0.466533  0.735702 i
 32.9689  0.483203  0.737836 i
 32.9689  0.499874  0.739978 i
 32.9689  0.516545  0.74213 i
 32.9689  0.533216  0.744291 i
 32.9689  0.549887  0.746463 i
 32.9689  0.566557  0.748645 i
 32.9689  0.583228  0.750839 i
 32.9689  0.599899  0.753043 i
 32.9689  0.61657  0.755258 i
 32.9689  0.633241  0.757486 i
 32.9689  0.649912  0.759724 i
 32.9689  0.666582  0.761975 i
 32.9689  0.683253  0.764237 i
 32.9689  0.699924  0.76651 i
 32.9689  0.716595  0.768796 i
 32.9689  0.733266  0.771093 i
 32.9689  0.749937  0.773402 i
 32.9689  0.766607  0.775723 i
 32.9689  0.783278  0.778055 i
 32.9689  0.799949  0.780398 i
 32.9689  0.81662  0.782753 i
 32.9689  0.833291  0.785118 i
 32.9689  0.849962  0.787495 i
 32.9689  0.866632  0.789882 i
 32.9689  0.883303  0.792278 i
 32.9689  0.899974  0.794684 i
 32.9689  0.916645  0.797099 i
 32.9689  0.933316  0.799522 i
 32.9689  0.949986  0.801951 i
 32.9689  0.966657  0.804386 i
 32.9689  0.983328  0.806826 i
 32.9689  0.999999  0.809269 i

# IsoCurve 10, 50 points
# x y z type
 32.1699  0.183129  0.69875 i
 32.1699  0.199799  0.70087 i
 32.1699  0.21647  0.702989 i
 32.1699  0.233141  0.705109 i
 32.1699  0.249812  0.707228 i
 32.1699  0.266483  0.709349 i
 32.1699  0.283153  0.71147 i
 32.1699  0.299824  0.713594 i
 32.1699  0.316495  0.71572 i
 32.1699  0.333166  0.717848 i
 32.1699  0.349837  0.71998 i
 32.1699  0.366508  0.722116 i
 32.1699  0.383178  0.724256 i
 32.1699  0.399849  0.7264 i
 32.1699  0.41652  0.728551 i
 32.1699  0.433191  0.730707 i
 32.1699  0.449862  0.732869 i
 32.1699  0.466533  0.735039 i
 32.1699  0.483203  0.737216 i
 32.1699  0.499874  0.739402 i
 32.1699  0.516545  0.741597 i
 32.1699  0.533216  0.7438 i
 32.1699  0.549887  0.746012 i
 32.1699  0.566557  0.748233 i
 32.1699  0.583228  0.750463 i
 32.1699  0.599899  0.752702 i
 32.1699  0.61657  0.754951 i
 32.1699  0.633241  0.757209 i
 32.1699  0.649912  0.759476 i
 32.1699  0.666582  0.761752 i
 32.1699  0.683253  0.764037 i
 32.1699  0.699924  0.766331 i
 32.1699  0.716595  0.768634 i
 32.1699  0.733266  0.770947 i
 32.1699  0.749937  0.773269 i
 32.1699  0.766607  0.775599 i
 32.1699  0.783278  0.777939 i
 32.1699  0.799949  0.780288 i
 32.1699  0.81662  0.782646 i
 32.1699  0.833291  0.785013 i
 32.1699  0.849962  0.787389 i
 32.1699  0.866632  0.789773 i
 32.1699  0.883303  0.792166 i
 32.1699  0.899974  0.794568 i
 32.1699  0.916645  0.796977 i
 32.1699  0.933316  0.799394 i
 32.1699  0.949986  0.801818 i
 32.1699  0.966657  0.804247 i
 32.1699  0.983328  0.806681 i
 32.1699  0.999999  0.809116 i

# IsoCurve 11, 50 points
# x y z type
 31.371  0.183129  0.697118 i
 31.371  0.199799  0.69931 i
 31.371  0.21647  0.7015 i
 31.371  0.233141  0.703689 i
 31.371  0.249812  0.705877 i
 31.371  0.266483  0.708064 i
 31.371  0.283153  0.710252 i
 31.371  0.299824  0.712439 i
 31.371  0.316495  0.714628 i
 31.371  0.333166  0.716819 i
 31.371  0.349837  0.719012 i
 31.371  0.366508  0.721208 i
 31.371  0.383178  0.723406 i
 31.371  0.399849  0.725609 i
 31.371  0.41652  0.727815 i
 31.371  0.433191  0.730027 i
 31.371  0.449862  0.732243 i
 31.371  0.466533  0.734464 i
 31.371  0.483203  0.736691 i
 31.371  0.499874  0.738924 i
 31.371  0.516545  0.741163 i
 31.371  0.533216  0.743408 i
 31.371  0.549887  0.74566 i
 31.371  0.566557  0.747918 i
 31.371  0.583228  0.750183 i
 31.371  0.599899  0.752455 i
 31.371  0.61657  0.754733 i
 31.371  0.633241  0.757019 i
 31.371  0.649912  0.759311 i
 31.371  0.666582  0.761611 i
 31.371  0.683253  0.763917 i
 31.371  0.699924  0.766231 i
 31.371  0.716595  0.768551 i
 31.371  0.733266  0.770879 i
 31.371  0.749937  0.773213 i
 31.371  0.766607  0.775554 i
 31.371  0.783278  0.777902 i
 31.371  0.799949  0.780256 i
 31.371  0.81662  0.782617 i
 31.371  0.833291  0.784984 i
 31.371  0.849962  0.787357 i
 31.371  0.866632  0.789735 i
 31.371  0.883303  0.792119 i
 31.371  0.899974  0.794508 i
 31.371  0.916645  0.796901 i
 31.371  0.933316  0.799298 i
 31.371  0.949986  0.801699 i
 31.371  0.966657  0.804103 i
 31.371  0.983328  0.806509 i
 31.371  0.999999  0.808917 i

# IsoCurve 12, 50 points
# x y z type
 30.572  0.183129  0.695319 i
 30.572  0.199799  0.697593 i
 30.572  0.21647  0.699864 i
 30.572  0.233141  0.702133 i
 30.572  0.249812  0.704401 i
 30.572  0.266483  0.706666 i
 30.572  0.283153  0.708928 i
 30.572  0.299824  0.711188 i
 30.572  0.316495  0.713445 i
 30.572  0.333166  0.7157 i
 30.572  0.349837  0.717953 i
 30.572  0.366508  0.720205 i
 30.572  0.383178  0.722459 i
 30.572  0.399849  0.724716 i
 30.572  0.41652  0.726976 i
 30.572  0.433191  0.72924 i
 30.572  0.449862  0.731509 i
 30.572  0.466533  0.733781 i
 30.572  0.483203  0.736058 i
 30.572  0.499874  0.738339 i
 30.572  0.516545  0.740624 i
 30.572  0.533216  0.742914 i
 30.572  0.549887  0.745207 i
 30.572  0.566557  0.747505 i
 30.572  0.583228  0.749807 i
 30.572  0.599899  0.752114 i
 30.572  0.61657  0.754425 i
 30.572  0.633241  0.75674 i
 30.572  0.649912  0.759059 i
 30.572  0.666582  0.761383 i
 30.572  0.683253  0.76371 i
 30.572  0.699924  0.766042 i
 30.572  0.716595  0.768379 i
 30.572  0.733266  0.770719 i
 30.572  0.749937  0.773064 i
 30.572  0.766607  0.775413 i
 30.572  0.783278  0.777766 i
 30.572  0.799949  0.780123 i
 30.572  0.81662  0.782485 i
 30.572  0.833291  0.784851 i
 30.572  0.849962  0.787221 i
 30.572  0.866632  0.789595 i
 30.572  0.883303  0.791973 i
 30.572  0.899974  0.794356 i
 30.572  0.916645  0.796742 i
 30.572  0.933316  0.799133 i
 30.572  0.949986  0.801528 i
 30.572  0.966657  0.803927 i
 30.572  0.983328  0.80633 i
 30.572  0.999999  0.808733 i

# IsoCurve 13, 50 points
# x y z type
 29.7731  0.183129  0.693483 i
 29.7731  0.199799  0.695822 i
 29.7731  0.21647  0.698158 i
 29.7731  0.233141  0.700493 i
 29.7731  0.249812  0.702827 i
 29.7731  0.266483  0.705159 i
 29.7731  0.283153  0.707491 i
 29.7731  0.299824  0.709822 i
 29.7731  0.316495  0.712152 i
 29.7731  0.333166  0.714482 i
 29.7731  0.349837  0.716811 i
 29.7731  0.366508  0.71914 i
 29.7731  0.383178  0.721469 i
 29.7731  0.399849  0.723799 i
 29.7731  0.41652  0.726129 i
 29.7731  0.433191  0.728459 i
 29.7731  0.449862  0.73079 i
 29.7731  0.466533  0.733122 i
 29.7731  0.483203  0.735455 i
 29.7731  0.499874  0.737789 i
 29.7731  0.516545  0.740124 i
 29.7731  0.533216  0.74246 i
 29.7731  0.549887  0.744798 i
 29.7731  0.566557  0.747137 i
 29.7731  0.583228  0.749477 i
 29.7731  0.599899  0.751819 i
 29.7731  0.61657  0.754163 i
 29.7731  0.633241  0.756508 i
 29.7731  0.649912  0.758855 i
 29.7731  0.666582  0.761204 i
 29.7731  0.683253  0.763554 i
 29.7731  0.699924  0.765906 i
 29.7731  0.716595  0.768259 i
 29.7731  0.733266  0.770614 i
 29.7731  0.749937  0.772971 i
 29.7731  0.766607  0.775329 i
 29.7731  0.783278  0.777689 i
 29.7731  0.799949  0.78005 i
 29.7731  0.81662  0.782413 i
 29.7731  0.833291  0.784777 i
 29.7731  0.849962  0.787142 i
 29.7731  0.866632  0.789509 i
 29.7731  0.883303  0.791877 i
 29.7731  0.899974  0.794245 i
 29.7731  0.916645  0.796615 i
 29.7731  0.933316  0.798985 i
 29.7731  0.949986  0.801356 i
 29.7731  0.966657  0.803727 i
 29.7731  0.983328  0.806098 i
 29.7731  0.999999  0.808469 i

# IsoCurve 14, 50 points
# x y z type
 28.9741  0.183129  0.691658 i
 28.9741  0.199799  0.694072 i
 28.9741  0.21647  0.696483 i
 28.9741  0.233141  0.698893 i
 28.9741  0.249812  0.701299 i
 28.9741  0.266483  0.703704 i
 28.9741  0.283153  0.706107 i
 28.9741  0.299824  0.708508 i
 28.9741  0.316495  0.710908 i
 28.9741  0.333166  0.713305 i
 28.9741  0.349837  0.715702 i
 28.9741  0.366508  0.718097 i
 28.9741  0.383178  0.720491 i
 28.9741  0.399849  0.722883 i
 28.9741  0.41652  0.725275 i
 28.9741  0.433191  0.727665 i
 28.9741  0.449862  0.730054 i
 28.9741  0.466533  0.732442 i
 28.9741  0.483203  0.734828 i
 28.9741  0.499874  0.737214 i
 28.9741  0.516545  0.739598 i
 28.9741  0.533216  0.741981 i
 28.9741  0.549887  0.744363 i
 28.9741  0.566557  0.746743 i
 28.9741  0.583228  0.749122 i
 28.9741  0.599899  0.7515 i
 28.9741  0.61657  0.753877 i
 28.9741  0.633241  0.756253 i
 28.9741  0.649912  0.758627 i
 28.9741  0.666582  0.761 i
 28.9741  0.683253  0.763372 i
 28.9741  0.699924  0.765743 i
 28.9741  0.716595  0.768112 i
 28.9741  0.733266  0.77048 i
 28.9741  0.749937  0.772847 i
 28.9741  0.766607  0.775212 i
 28.9741  0.783278  0.777577 i
 28.9741  0.799949  0.77994 i
 28.9741  0.81662  0.782302 i
 28.9741  0.833291  0.784662 i
 28.9741  0.849962  0.787022 i
 28.9741  0.866632  0.78938 i
 28.9741  0.883303  0.791737 i
 28.9741  0.899974  0.794093 i
 28.9741  0.916645  0.796447 i
 28.9741  0.933316  0.798801 i
 28.9741  0.949986  0.801153 i
 28.9741  0.966657  0.803505 i
 28.9741  0.983328  0.805855 i
 28.9741  0.999999  0.808205 i

# IsoCurve 15, 50 points
# x y z type
 28.1752  0.183129  0.689577 i
 28.1752  0.199799  0.69208 i
 28.1752  0.21647  0.694582 i
 28.1752  0.233141  0.697082 i
 28.1752  0.249812  0.69958 i
 28.1752  0.266483  0.702077 i
 28.1752  0.283153  0.704571 i
 28.1752  0.299824  0.707062 i
 28.1752  0.316495  0.70955 i
 28.1752  0.333166  0.712034 i
 28.1752  0.349837  0.714514 i
 28.1752  0.366508  0.716989 i
 28.1752  0.383178  0.71946 i
 28.1752  0.399849  0.721926 i
 28.1752  0.41652  0.724388 i
 28.1752  0.433191  0.726846 i
 28.1752  0.449862  0.729299 i
 28.1752  0.466533  0.731749 i
 28.1752  0.483203  0.734194 i
 28.1752  0.499874  0.736635 i
 28.1752  0.516545  0.739071 i
 28.1752  0.533216  0.741503 i
 28.1752  0.549887  0.743931 i
 28.1752  0.566557  0.746355 i
 28.1752  0.583228  0.748775 i
 28.1752  0.599899  0.75119 i
 28.1752  0.61657  0.753601 i
 28.1752  0.633241  0.756008 i
 28.1752  0.649912  0.75841 i
 28.1752  0.666582  0.760808 i
 28.1752  0.683253  0.763202 i
 28.1752  0.699924  0.765592 i
 28.1752  0.716595  0.767977 i
 28.1752  0.733266  0.770358 i
 28.1752  0.749937  0.772735 i
 28.1752  0.766607  0.775108 i
 28.1752  0.783278  0.777476 i
 28.1752  0.799949  0.77984 i
 28.1752  0.81662  0.7822 i
 28.1752  0.833291  0.784556 i
 28.1752  0.849962  0.786907 i
 28.1752  0.866632  0.789255 i
 28.1752  0.883303  0.791598 i
 28.1752  0.899974  0.793937 i
 28.1752  0.916645  0.796273 i
 28.1752  0.933316  0.798605 i
 28.1752  0.949986  0.800933 i
 28.1752  0.966657  0.803259 i
 28.1752  0.983328  0.805583 i
 28.1752  0.999999  0.807904 i

# IsoCurve 16, 50 points
# x y z type
 27.3763  0.183129  0.687546 i
 27.3763  0.199799  0.690135 i
 27.3763  0.21647  0.692721 i
 27.3763  0.233141  0.695305 i
 27.3763  0.249812  0.697886 i
 27.3763  0.266483  0.700463 i
 27.3763  0.283153  0.703036 i
 27.3763  0.299824  0.705606 i
 27.3763  0.316495  0.70817 i
 27.3763  0.333166  0.710731 i
 27.3763  0.349837  0.713286 i
 27.3763  0.366508  0.715835 i
 27.3763  0.383178  0.718379 i
 27.3763  0.399849  0.720918 i
 27.3763  0.41652  0.72345 i
 27.3763  0.433191  0.725975 i
 27.3763  0.449862  0.728494 i
 27.3763  0.466533  0.731006 i
 27.3763  0.483203  0.733511 i
 27.3763  0.499874  0.736009 i
 27.3763  0.516545  0.7385 i
 27.3763  0.533216  0.740984 i
 27.3763  0.549887  0.74346 i
 27.3763  0.566557  0.745929 i
 27.3763  0.583228  0.74839 i
 27.3763  0.599899  0.750843 i
 27.3763  0.61657  0.753289 i
 27.3763  0.633241  0.755728 i
 27.3763  0.649912  0.758159 i
 27.3763  0.666582  0.760582 i
 27.3763  0.683253  0.762998 i
 27.3763  0.699924  0.765406 i
 27.3763  0.716595  0.767806 i
 27.3763  0.733266  0.770199 i
 27.3763  0.749937  0.772584 i
 27.3763  0.766607  0.774963 i
 27.3763  0.783278  0.777333 i
 27.3763  0.799949  0.779697 i
 27.3763  0.81662  0.782054 i
 27.3763  0.833291  0.784404 i
 27.3763  0.849962  0.786747 i
 27.3763  0.866632  0.789083 i
 27.3763  0.883303  0.791414 i
 27.3763  0.899974  0.793739 i
 27.3763  0.916645  0.796058 i
 27.3763  0.933316  0.798373 i
 27.3763  0.949986  0.800682 i
 27.3763  0.966657  0.802988 i
 27.3763  0.983328  0.80529 i
 27.3763  0.999999  0.807588 i

# IsoCurve 17, 50 points
# x y z type
 26.5773  0.183129  0.685506 i
 26.5773  0.199799  0.688163 i
 26.5773  0.21647  0.690819 i
 26.5773  0.233141  0.693473 i
 26.5773  0.249812  0.696126 i
 26.5773  0.266483  0.698779 i
 26.5773  0.283153  0.701433 i
 26.5773  0.299824  0.704087 i
 26.5773  0.316495  0.706743 i
 26.5773  0.333166  0.709396 i
 26.5773  0.349837  0.712046 i
 26.5773  0.366508  0.714689 i
 26.5773  0.383178  0.717324 i
 26.5773  0.399849  0.719947 i
 26.5773  0.41652  0.722558 i
 26.5773  0.433191  0.725156 i
 26.5773  0.449862  0.727743 i
 26.5773  0.466533  0.730318 i
 26.5773  0.483203  0.732884 i
 26.5773  0.499874  0.735439 i
 26.5773  0.516545  0.737984 i
 26.5773  0.533216  0.740518 i
 26.5773  0.549887  0.743042 i
 26.5773  0.566557  0.745555 i
 26.5773  0.583228  0.748057 i
 26.5773  0.599899  0.750549 i
 26.5773  0.61657  0.753031 i
 26.5773  0.633241  0.755502 i
 26.5773  0.649912  0.757962 i
 26.5773  0.666582  0.760411 i
 26.5773  0.683253  0.76285 i
 26.5773  0.699924  0.765279 i
 26.5773  0.716595  0.767697 i
 26.5773  0.733266  0.770104 i
 26.5773  0.749937  0.772501 i
 26.5773  0.766607  0.774887 i
 26.5773  0.783278  0.777262 i
 26.5773  0.799949  0.779627 i
 26.5773  0.81662  0.781982 i
 26.5773  0.833291  0.784326 i
 26.5773  0.849962  0.786659 i
 26.5773  0.866632  0.788981 i
 26.5773  0.883303  0.791294 i
 26.5773  0.899974  0.793595 i
 26.5773  0.916645  0.795886 i
 26.5773  0.933316  0.798166 i
 26.5773  0.949986  0.800435 i
 26.5773  0.966657  0.802695 i
 26.5773  0.983328  0.804944 i
 26.5773  0.999999  0.807185 i

# IsoCurve 18, 50 points
# x y z type
 25.7784  0.183129  0.683056 i
 25.7784  0.199799  0.68584 i
 25.7784  0.21647  0.688624 i
 25.7784  0.233141  0.691406 i
 25.7784  0.249812  0.694185 i
 25.7784  0.266483  0.69696 i
 25.7784  0.283153  0.699729 i
 25.7784  0.299824  0.702491 i
 25.7784  0.316495  0.705245 i
 25.7784  0.333166  0.707989 i
 25.7784  0.349837  0.710723 i
 25.7784  0.366508  0.713446 i
 25.7784  0.383178  0.716156 i
 25.7784  0.399849  0.718855 i
 25.7784  0.41652  0.72154 i
 25.7784  0.433191  0.724213 i
 25.7784  0.449862  0.726873 i
 25.7784  0.466533  0.729518 i
 25.7784  0.483203  0.73215 i
 25.7784  0.499874  0.734769 i
 25.7784  0.516545  0.737373 i
 25.7784  0.533216  0.739963 i
 25.7784  0.549887  0.742539 i
 25.7784  0.566557  0.7451 i
 25.7784  0.583228  0.747647 i
 25.7784  0.599899  0.75018 i
 25.7784  0.61657  0.752698 i
 25.7784  0.633241  0.755202 i
 25.7784  0.649912  0.757691 i
 25.7784  0.666582  0.760165 i
 25.7784  0.683253  0.762625 i
 25.7784  0.699924  0.765071 i
 25.7784  0.716595  0.767502 i
 25.7784  0.733266  0.769918 i
 25.7784  0.749937  0.77232 i
 25.7784  0.766607  0.774708 i
 25.7784  0.783278  0.777082 i
 25.7784  0.799949  0.779442 i
 25.7784  0.81662  0.781788 i
 25.7784  0.833291  0.784121 i
 25.7784  0.849962  0.786442 i
 25.7784  0.866632  0.78875 i
 25.7784  0.883303  0.791046 i
 25.7784  0.899974  0.793331 i
 25.7784  0.916645  0.795606 i
 25.7784  0.933316  0.797871 i
 25.7784  0.949986  0.800128 i
 25.7784  0.966657  0.802377 i
 25.7784  0.983328  0.804619 i
 25.7784  0.999999  0.806856 i

# IsoCurve 19, 50 points
# x y z type
 24.9794  0.183129  0.680988 i
 24.9794  0.199799  0.683866 i
 24.9794  0.21647  0.68674 i
 24.9794  0.233141  0.689607 i
 24.9794  0.249812  0.692469 i
 24.9794  0.266483  0.695324 i
 24.9794  0.283153  0.698171 i
 24.9794  0.299824  0.70101 i
 24.9794  0.316495  0.703839 i
 24.9794  0.333166  0.706659 i
 24.9794  0.349837  0.709468 i
 24.9794  0.366508  0.712266 i
 24.9794  0.383178  0.715052 i
 24.9794  0.399849  0.717824 i
 24.9794  0.41652  0.720583 i
 24.9794  0.433191  0.723328 i
 24.9794  0.449862  0.726057 i
 24.9794  0.466533  0.72877 i
 24.9794  0.483203  0.731467 i
 24.9794  0.499874  0.734147 i
 24.9794  0.516545  0.73681 i
 24.9794  0.533216  0.739455 i
 24.9794  0.549887  0.742082 i
 24.9794  0.566557  0.744692 i
 24.9794  0.583228  0.747284 i
 24.9794  0.599899  0.749858 i
 24.9794  0.61657  0.752414 i
 24.9794  0.633241  0.754952 i
 24.9794  0.649912  0.757471 i
 24.9794  0.666582  0.759973 i
 24.9794  0.683253  0.762457 i
 24.9794  0.699924  0.764923 i
 24.9794  0.716595  0.767371 i
 24.9794  0.733266  0.769802 i
 24.9794  0.749937  0.772214 i
 24.9794  0.766607  0.774608 i
 24.9794  0.783278  0.776985 i
 24.9794  0.799949  0.779344 i
 24.9794  0.81662  0.781686 i
 24.9794  0.833291  0.78401 i
 24.9794  0.849962  0.786317 i
 24.9794  0.866632  0.788607 i
 24.9794  0.883303  0.79088 i
 24.9794  0.899974  0.793137 i
 24.9794  0.916645  0.795378 i
 24.9794  0.933316  0.797603 i
 24.9794  0.949986  0.799816 i
 24.9794  0.966657  0.802017 i
 24.9794  0.983328  0.804209 i
 24.9794  0.999999  0.806396 i

# IsoCurve 20, 50 points
# x y z type
 24.1805  0.183129  0.678676 i
 24.1805  0.199799  0.681638 i
 24.1805  0.21647  0.684596 i
 24.1805  0.233141  0.687549 i
 24.1805  0.249812  0.690498 i
 24.1805  0.266483  0.693441 i
 24.1805  0.283153  0.69638 i
 24.1805  0.299824  0.699312 i
 24.1805  0.316495  0.702239 i
 24.1805  0.333166  0.705159 i
 24.1805  0.349837  0.70807 i
 24.1805  0.366508  0.710969 i
 24.1805  0.383178  0.713853 i
 24.1805  0.399849  0.716721 i
 24.1805  0.41652  0.719569 i
 24.1805  0.433191  0.722398 i
 24.1805  0.449862  0.725206 i
 24.1805  0.466533  0.727993 i
 24.1805  0.483203  0.730759 i
 24.1805  0.499874  0.733503 i
 24.1805  0.516545  0.736226 i
 24.1805  0.533216  0.738928 i
 24.1805  0.549887  0.741607 i
 24.1805  0.566557  0.744265 i
 24.1805  0.583228  0.746902 i
 24.1805  0.599899  0.749516 i
 24.1805  0.61657  0.752109 i
 24.1805  0.633241  0.75468 i
 24.1805  0.649912  0.757229 i
 24.1805  0.666582  0.759756 i
 24.1805  0.683253  0.762262 i
 24.1805  0.699924  0.764745 i
 24.1805  0.716595  0.767207 i
 24.1805  0.733266  0.769647 i
 24.1805  0.749937  0.772066 i
 24.1805  0.766607  0.774463 i
 24.1805  0.783278  0.776839 i
 24.1805  0.799949  0.779193 i
 24.1805  0.81662  0.781526 i
 24.1805  0.833291  0.783839 i
 24.1805  0.849962  0.786131 i
 24.1805  0.866632  0.788403 i
 24.1805  0.883303  0.790656 i
 24.1805  0.899974  0.792891 i
 24.1805  0.916645  0.795108 i
 24.1805  0.933316  0.797309 i
 24.1805  0.949986  0.799497 i
 24.1805  0.966657  0.801672 i
 24.1805  0.983328  0.803837 i
 24.1805  0.999999  0.805994 i

# IsoCurve 21, 50 points
# x y z type
 23.3815  0.183129  0.675872 i
 23.3815  0.199799  0.678958 i
 23.3815  0.21647  0.682043 i
 23.3815  0.233141  0.685124 i
 23.3815  0.249812  0.6882 i
 23.3815  0.266483  0.69127 i
 23.3815  0.283153  0.694333 i
 23.3815  0.299824  0.697386 i
 23.3815  0.316495  0.700428 i
 23.3815  0.333166  0.703458 i
 23.3815  0.349837  0.706472 i
 23.3815  0.366508  0.70947 i
 23.3815  0.383178  0.71245 i
 23.3815  0.399849  0.71541 i
 23.3815  0.41652  0.718349 i
 23.3815  0.433191  0.721267 i
 23.3815  0.449862  0.724161 i
 23.3815  0.466533  0.727031 i
 23.3815  0.483203  0.729876 i
 23.3815  0.499874  0.732697 i
 23.3815  0.516545  0.735491 i
 23.3815  0.533216  0.73826 i
 23.3815  0.549887  0.741003 i
 23.3815  0.566557  0.743719 i
 23.3815  0.583228  0.746409 i
 23.3815  0.599899  0.749072 i
 23.3815  0.61657  0.751709 i
 23.3815  0.633241  0.754319 i
 23.3815  0.649912  0.756902 i
 23.3815  0.666582  0.759459 i
 23.3815  0.683253  0.761989 i
 23.3815  0.699924  0.764493 i
 23.3815  0.716595  0.76697 i
 23.3815  0.733266  0.769421 i
 23.3815  0.749937  0.771847 i
 23.3815  0.766607  0.774246 i
 23.3815  0.783278  0.776621 i
 23.3815  0.799949  0.77897 i
 23.3815  0.81662  0.781294 i
 23.3815  0.833291  0.783595 i
 23.3815  0.849962  0.785872 i
 23.3815  0.866632  0.788127 i
 23.3815  0.883303  0.790361 i
 23.3815  0.899974  0.792574 i
 23.3815  0.916645  0.794769 i
 23.3815  0.933316  0.796947 i
 23.3815  0.949986  0.799109 i
 23.3815  0.966657  0.801257 i
 23.3815  0.983328  0.803395 i
 23.3815  0.999999  0.805523 i

# IsoCurve 22, 50 points
# x y z type
 22.5826  0.183129  0.674166 i
 22.5826  0.199799  0.67733 i
 22.5826  0.21647  0.680487 i
 22.5826  0.233141  0.683636 i
 22.5826  0.249812  0.686777 i
 22.5826  0.266483  0.689908 i
 22.5826  0.283153  0.693028 i
 22.5826  0.299824  0.696138 i
 22.5826  0.316495  0.699236 i
 22.5826  0.333166  0.702321 i
 22.5826  0.349837  0.705393 i
 22.5826  0.366508  0.708453 i
 22.5826  0.383178  0.711499 i
 22.5826  0.399849  0.714531 i
 22.5826  0.41652  0.717546 i
 22.5826  0.433191  0.720539 i
 22.5826  0.449862  0.723507 i
 22.5826  0.466533  0.726446 i
 22.5826  0.483203  0.729352 i
 22.5826  0.499874  0.732226 i
 22.5826  0.516545  0.73507 i
 22.5826  0.533216  0.737885 i
 22.5826  0.549887  0.740671 i
 22.5826  0.566557  0.743428 i
 22.5826  0.583228  0.746157 i
 22.5826  0.599899  0.748856 i
 22.5826  0.61657  0.751526 i
 22.5826  0.633241  0.754166 i
 22.5826  0.649912  0.756778 i
 22.5826  0.666582  0.75936 i
 22.5826  0.683253  0.761914 i
 22.5826  0.699924  0.764438 i
 22.5826  0.716595  0.766933 i
 22.5826  0.733266  0.769398 i
 22.5826  0.749937  0.771835 i
 22.5826  0.766607  0.774242 i
 22.5826  0.783278  0.776621 i
 22.5826  0.799949  0.77897 i
 22.5826  0.81662  0.78129 i
 22.5826  0.833291  0.783581 i
 22.5826  0.849962  0.785843 i
 22.5826  0.866632  0.788076 i
 22.5826  0.883303  0.79028 i
 22.5826  0.899974  0.792454 i
 22.5826  0.916645  0.7946 i
 22.5826  0.933316  0.796716 i
 22.5826  0.949986  0.798804 i
 22.5826  0.966657  0.800863 i
 22.5826  0.983328  0.802895 i
 22.5826  0.999999  0.804915 i

# IsoCurve 23, 50 points
# x y z type
 21.7836  0.183129  0.671449 i
 21.7836  0.199799  0.674712 i
 21.7836  0.21647  0.677971 i
 21.7836  0.233141  0.681226 i
 21.7836  0.249812  0.684475 i
 21.7836  0.266483  0.687717 i
 21.7836  0.283153  0.69095 i
 21.7836  0.299824  0.694174 i
 21.7836  0.316495  0.697386 i
 21.7836  0.333166  0.700585 i
 21.7836  0.349837  0.703767 i
 21.7836  0.366508  0.706932 i
 21.7836  0.383178  0.710076 i
 21.7836  0.399849  0.713198 i
 21.7836  0.41652  0.716295 i
 21.7836  0.433191  0.719366 i
 21.7836  0.449862  0.722408 i
 21.7836  0.466533  0.725421 i
 21.7836  0.483203  0.728404 i
 21.7836  0.499874  0.731354 i
 21.7836  0.516545  0.734273 i
 21.7836  0.533216  0.737158 i
 21.7836  0.549887  0.740009 i
 21.7836  0.566557  0.742826 i
 21.7836  0.583228  0.745609 i
 21.7836  0.599899  0.748357 i
 21.7836  0.61657  0.75107 i
 21.7836  0.633241  0.753748 i
 21.7836  0.649912  0.756392 i
 21.7836  0.666582  0.759 i
 21.7836  0.683253  0.761573 i
 21.7836  0.699924  0.764112 i
 21.7836  0.716595  0.766616 i
 21.7836  0.733266  0.769085 i
 21.7836  0.749937  0.771521 i
 21.7836  0.766607  0.773922 i
 21.7836  0.783278  0.77629 i
 21.7836  0.799949  0.778626 i
 21.7836  0.81662  0.780929 i
 21.7836  0.833291  0.783201 i
 21.7836  0.849962  0.785443 i
 21.7836  0.866632  0.787657 i
 21.7836  0.883303  0.789843 i
 21.7836  0.899974  0.792003 i
 21.7836  0.916645  0.79414 i
 21.7836  0.933316  0.796255 i
 21.7836  0.949986  0.79835 i
 21.7836  0.966657  0.800428 i
 21.7836  0.983328  0.802491 i
 21.7836  0.999999  0.804541 i

# IsoCurve 24, 50 points
# x y z type
 20.9847  0.183129  0.66903 i
 20.9847  0.199799  0.672386 i
 20.9847  0.21647  0.675738 i
 20.9847  0.233141  0.679085 i
 20.9847  0.249812  0.682428 i
 20.9847  0.266483  0.685764 i
 20.9847  0.283153  0.689094 i
 20.9847  0.299824  0.692416 i
 20.9847  0.316495  0.69573 i
 20.9847  0.333166  0.699032 i
 20.9847  0.349837  0.702321 i
 20.9847  0.366508  0.705592 i
 20.9847  0.383178  0.708842 i
 20.9847  0.399849  0.712066 i
 20.9847  0.41652  0.715261 i
 20.9847  0.433191  0.718425 i
 20.9847  0.449862  0.721555 i
 20.9847  0.466533  0.72465 i
 20.9847  0.483203  0.727709 i
 20.9847  0.499874  0.730731 i
 20.9847  0.516545  0.733715 i
 20.9847  0.533216  0.736662 i
 20.9847  0.549887  0.739571 i
 20.9847  0.566557  0.742441 i
 20.9847  0.583228  0.745273 i
 20.9847  0.599899  0.748066 i
 20.9847  0.61657  0.750821 i
 20.9847  0.633241  0.753537 i
 20.9847  0.649912  0.756215 i
 20.9847  0.666582  0.758854 i
 20.9847  0.683253  0.761454 i
 20.9847  0.699924  0.764016 i
 20.9847  0.716595  0.76654 i
 20.9847  0.733266  0.769025 i
 20.9847  0.749937  0.771473 i
 20.9847  0.766607  0.773882 i
 20.9847  0.783278  0.776252 i
 20.9847  0.799949  0.778586 i
 20.9847  0.81662  0.780881 i
 20.9847  0.833291  0.783139 i
 20.9847  0.849962  0.785359 i
 20.9847  0.866632  0.787543 i
 20.9847  0.883303  0.78969 i
 20.9847  0.899974  0.791801 i
 20.9847  0.916645  0.793877 i
 20.9847  0.933316  0.795921 i
 20.9847  0.949986  0.797934 i
 20.9847  0.966657  0.799921 i
 20.9847  0.983328  0.801889 i
 20.9847  0.999999  0.803847 i

# IsoCurve 25, 50 points
# x y z type
 20.1857  0.183129  0.666819 i
 20.1857  0.199799  0.670304 i
 20.1857  0.21647  0.67378 i
 20.1857  0.233141  0.677246 i
 20.1857  0.249812  0.6807 i
 20.1857  0.266483  0.684141 i
 20.1857  0.283153  0.687568 i
 20.1857  0.299824  0.690979 i
 20.1857  0.316495  0.694373 i
 20.1857  0.333166  0.697748 i
 20.1857  0.349837  0.701102 i
 20.1857  0.366508  0.704435 i
 20.1857  0.383178  0.707743 i
 20.1857  0.399849  0.711025 i
 20.1857  0.41652  0.71428 i
 20.1857  0.433191  0.717504 i
 20.1857  0.449862  0.720695 i
 20.1857  0.466533  0.723851 i
 20.1857  0.483203  0.72697 i
 20.1857  0.499874  0.730051 i
 20.1857  0.516545  0.733092 i
 20.1857  0.533216  0.736092 i
 20.1857  0.549887  0.739051 i
 20.1857  0.566557  0.741968 i
 20.1857  0.583228  0.744843 i
 20.1857  0.599899  0.747674 i
 20.1857  0.61657  0.750464 i
 20.1857  0.633241  0.75321 i
 20.1857  0.649912  0.755913 i
 20.1857  0.666582  0.758573 i
 20.1857  0.683253  0.76119 i
 20.1857  0.699924  0.763764 i
 20.1857  0.716595  0.766295 i
 20.1857  0.733266  0.768783 i
 20.1857  0.749937  0.771228 i
 20.1857  0.766607  0.773632 i
 20.1857  0.783278  0.775993 i
 20.1857  0.799949  0.778313 i
 20.1857  0.81662  0.780592 i
 20.1857  0.833291  0.782831 i
 20.1857  0.849962  0.785032 i
 20.1857  0.866632  0.787194 i
 20.1857  0.883303  0.789321 i
 20.1857  0.899974  0.791413 i
 20.1857  0.916645  0.793474 i
 20.1857  0.933316  0.795505 i
 20.1857  0.949986  0.79751 i
 20.1857  0.966657  0.799494 i
 20.1857  0.983328  0.801458 i
 20.1857  0.999999  0.803407 i

# IsoCurve 26, 50 points
# x y z type
 19.3868  0.183129  0.663223 i
 19.3868  0.199799  0.666879 i
 19.3868  0.21647  0.670531 i
 19.3868  0.233141  0.674178 i
 19.3868  0.249812  0.677817 i
 19.3868  0.266483  0.681444 i
 19.3868  0.283153  0.685057 i
 19.3868  0.299824  0.68865 i
 19.3868  0.316495  0.692221 i
 19.3868  0.333166  0.695767 i
 19.3868  0.349837  0.699284 i
 19.3868  0.366508  0.702768 i
 19.3868  0.383178  0.706219 i
 19.3868  0.399849  0.709633 i
 19.3868  0.41652  0.713009 i
 19.3868  0.433191  0.716344 i
 19.3868  0.449862  0.719638 i
 19.3868  0.466533  0.72289 i
 19.3868  0.483203  0.726097 i
 19.3868  0.499874  0.72926 i
 19.3868  0.516545  0.732377 i
 19.3868  0.533216  0.735448 i
 19.3868  0.549887  0.738473 i
 19.3868  0.566557  0.74145 i
 19.3868  0.583228  0.74438 i
 19.3868  0.599899  0.747262 i
 19.3868  0.61657  0.750096 i
 19.3868  0.633241  0.752882 i
 19.3868  0.649912  0.75562 i
 19.3868  0.666582  0.758309 i
 19.3868  0.683253  0.76095 i
 19.3868  0.699924  0.763543 i
 19.3868  0.716595  0.766088 i
 19.3868  0.733266  0.768584 i
 19.3868  0.749937  0.771033 i
 19.3868  0.766607  0.773435 i
 19.3868  0.783278  0.77579 i
 19.3868  0.799949  0.778098 i
 19.3868  0.81662  0.780361 i
 19.3868  0.833291  0.782579 i
 19.3868  0.849962  0.784754 i
 19.3868  0.866632  0.786886 i
 19.3868  0.883303  0.788979 i
 19.3868  0.899974  0.791033 i
 19.3868  0.916645  0.793051 i
 19.3868  0.933316  0.795038 i
 19.3868  0.949986  0.796995 i
 19.3868  0.966657  0.798928 i
 19.3868  0.983328  0.800841 i
 19.3868  0.999999  0.802737 i

# IsoCurve 27, 50 points
# x y z type
 18.5878  0.183129  0.659013 i
 18.5878  0.199799  0.662851 i
 18.5878  0.21647  0.666743 i
 18.5878  0.233141  0.670687 i
 18.5878  0.249812  0.674657 i
 18.5878  0.266483  0.678628 i
 18.5878  0.283153  0.682579 i
 18.5878  0.299824  0.686484 i
 18.5878  0.316495  0.690316 i
 18.5878  0.333166  0.694071 i
 18.5878  0.349837  0.697764 i
 18.5878  0.366508  0.701402 i
 18.5878  0.383178  0.70499 i
 18.5878  0.399849  0.708529 i
 18.5878  0.41652  0.712018 i
 18.5878  0.433191  0.715459 i
 18.5878  0.449862  0.718851 i
 18.5878  0.466533  0.722191 i
 18.5878  0.483203  0.725477 i
 18.5878  0.499874  0.728711 i
 18.5878  0.516545  0.731895 i
 18.5878  0.533216  0.735027 i
 18.5878  0.549887  0.738107 i
 18.5878  0.566557  0.741136 i
 18.5878  0.583228  0.744113 i
 18.5878  0.599899  0.74704 i
 18.5878  0.61657  0.749915 i
 18.5878  0.633241  0.752738 i
 18.5878  0.649912  0.75551 i
 18.5878  0.666582  0.758231 i
 18.5878  0.683253  0.7609 i
 18.5878  0.699924  0.763517 i
 18.5878  0.716595  0.766084 i
 18.5878  0.733266  0.768599 i
 18.5878  0.749937  0.771062 i
 18.5878  0.766607  0.773474 i
 18.5878  0.783278  0.775834 i
 18.5878  0.799949  0.778143 i
 18.5878  0.81662  0.780401 i
 18.5878  0.833291  0.782607 i
 18.5878  0.849962  0.784762 i
 18.5878  0.866632  0.786865 i
 18.5878  0.883303  0.788917 i
 18.5878  0.899974  0.790919 i
 18.5878  0.916645  0.792869 i
 18.5878  0.933316  0.794769 i
 18.5878  0.949986  0.79662 i
 18.5878  0.966657  0.798425 i
 18.5878  0.983328  0.800193 i
 18.5878  0.999999  0.801944 i

# IsoCurve 28, 50 points
# x y z type
 17.7889  0.183129  0.658559 i
 17.7889  0.199799  0.662386 i
 17.7889  0.21647  0.666204 i
 17.7889  0.233141  0.670013 i
 17.7889  0.249812  0.673811 i
 17.7889  0.266483  0.677596 i
 17.7889  0.283153  0.681366 i
 17.7889  0.299824  0.685119 i
 17.7889  0.316495  0.688852 i
 17.7889  0.333166  0.692562 i
 17.7889  0.349837  0.696245 i
 17.7889  0.366508  0.699899 i
 17.7889  0.383178  0.70352 i
 17.7889  0.399849  0.707105 i
 17.7889  0.41652  0.71065 i
 17.7889  0.433191  0.714153 i
 17.7889  0.449862  0.71761 i
 17.7889  0.466533  0.72102 i
 17.7889  0.483203  0.72438 i
 17.7889  0.499874  0.727688 i
 17.7889  0.516545  0.730944 i
 17.7889  0.533216  0.734145 i
 17.7889  0.549887  0.737291 i
 17.7889  0.566557  0.74038 i
 17.7889  0.583228  0.743413 i
 17.7889  0.599899  0.746388 i
 17.7889  0.61657  0.749305 i
 17.7889  0.633241  0.752165 i
 17.7889  0.649912  0.754966 i
 17.7889  0.666582  0.757708 i
 17.7889  0.683253  0.760392 i
 17.7889  0.699924  0.763018 i
 17.7889  0.716595  0.765586 i
 17.7889  0.733266  0.768096 i
 17.7889  0.749937  0.77055 i
 17.7889  0.766607  0.772947 i
 17.7889  0.783278  0.775288 i
 17.7889  0.799949  0.777575 i
 17.7889  0.81662  0.779808 i
 17.7889  0.833291  0.78199 i
 17.7889  0.849962  0.784123 i
 17.7889  0.866632  0.786207 i
 17.7889  0.883303  0.788247 i
 17.7889  0.899974  0.790244 i
 17.7889  0.916645  0.792202 i
 17.7889  0.933316  0.794123 i
 17.7889  0.949986  0.796013 i
 17.7889  0.966657  0.797874 i
 17.7889  0.983328  0.79971 i
 17.7889  0.999999  0.801525 i

# IsoCurve 29, 50 points
# x y z type
 16.9899  0.183129  0.653785 i
 16.9899  0.199799  0.657862 i
 16.9899  0.21647  0.661956 i
 16.9899  0.233141  0.666062 i
 16.9899  0.249812  0.670174 i
 16.9899  0.266483  0.674282 i
 16.9899  0.283153  0.678375 i
 16.9899  0.299824  0.68244 i
 16.9899  0.316495  0.686467 i
 16.9899  0.333166  0.690447 i
 16.9899  0.349837  0.694375 i
 16.9899  0.366508  0.698248 i
 16.9899  0.383178  0.702064 i
 16.9899  0.399849  0.705822 i
 16.9899  0.41652  0.709521 i
 16.9899  0.433191  0.713161 i
 16.9899  0.449862  0.716741 i
 16.9899  0.466533  0.720261 i
 16.9899  0.483203  0.72372 i
 16.9899  0.499874  0.727117 i
 16.9899  0.516545  0.730453 i
 16.9899  0.533216  0.733728 i
 16.9899  0.549887  0.73694 i
 16.9899  0.566557  0.740091 i
 16.9899  0.583228  0.74318 i
 16.9899  0.599899  0.746206 i
 16.9899  0.61657  0.749171 i
 16.9899  0.633241  0.752074 i
 16.9899  0.649912  0.754915 i
 16.9899  0.666582  0.757693 i
 16.9899  0.683253  0.76041 i
 16.9899  0.699924  0.763065 i
 16.9899  0.716595  0.765658 i
 16.9899  0.733266  0.768189 i
 16.9899  0.749937  0.770658 i
 16.9899  0.766607  0.773065 i
 16.9899  0.783278  0.775411 i
 16.9899  0.799949  0.777695 i
 16.9899  0.81662  0.779918 i
 16.9899  0.833291  0.782079 i
 16.9899  0.849962  0.78418 i
 16.9899  0.866632  0.786219 i
 16.9899  0.883303  0.788198 i
 16.9899  0.899974  0.790117 i
 16.9899  0.916645  0.791977 i
 16.9899  0.933316  0.793779 i
 16.9899  0.949986  0.795526 i
 16.9899  0.966657  0.797224 i
 16.9899  0.983328  0.798885 i
 16.9899  0.999999  0.80053 i

# IsoCurve 30, 50 points
# x y z type
 16.191  0.183129  0.650699 i
 16.191  0.199799  0.65493 i
 16.191  0.21647  0.65917 i
 16.191  0.233141  0.663415 i
 16.191  0.249812  0.66766 i
 16.191  0.266483  0.671895 i
 16.191  0.283153  0.676111 i
 16.191  0.299824  0.680298 i
 16.191  0.316495  0.684446 i
 16.191  0.333166  0.688547 i
 16.191  0.349837  0.692596 i
 16.191  0.366508  0.696588 i
 16.191  0.383178  0.700521 i
 16.191  0.399849  0.704392 i
 16.191  0.41652  0.7082 i
 16.191  0.433191  0.711945 i
 16.191  0.449862  0.715624 i
 16.191  0.466533  0.719238 i
 16.191  0.483203  0.722786 i
 16.191  0.499874  0.726267 i
 16.191  0.516545  0.72968 i
 16.191  0.533216  0.733026 i
 16.191  0.549887  0.736305 i
 16.191  0.566557  0.739515 i
 16.191  0.583228  0.742657 i
 16.191  0.599899  0.745731 i
 16.191  0.61657  0.748737 i
 16.191  0.633241  0.751673 i
 16.191  0.649912  0.754542 i
 16.191  0.666582  0.757341 i
 16.191  0.683253  0.760072 i
 16.191  0.699924  0.762735 i
 16.191  0.716595  0.765329 i
 16.191  0.733266  0.767855 i
 16.191  0.749937  0.770314 i
 16.191  0.766607  0.772705 i
 16.191  0.783278  0.77503 i
 16.191  0.799949  0.777289 i
 16.191  0.81662  0.779483 i
 16.191  0.833291  0.781613 i
 16.191  0.849962  0.783682 i
 16.191  0.866632  0.785691 i
 16.191  0.883303  0.787643 i
 16.191  0.899974  0.789541 i
 16.191  0.916645  0.791389 i
 16.191  0.933316  0.79319 i
 16.191  0.949986  0.794951 i
 16.191  0.966657  0.796677 i
 16.191  0.983328  0.798372 i
 16.191  0.999999  0.800045 i

# IsoCurve 31, 50 points
# x y z type
 15.392  0.183129  0.6474 i
 15.392  0.199799  0.651802 i
 15.392  0.21647  0.656198 i
 15.392  0.233141  0.660582 i
 15.392  0.249812  0.66495 i
 15.392  0.266483  0.669296 i
 15.392  0.283153  0.673616 i
 15.392  0.299824  0.677902 i
 15.392  0.316495  0.68215 i
 15.392  0.333166  0.686354 i
 15.392  0.349837  0.690508 i
 15.392  0.366508  0.69461 i
 15.392  0.383178  0.698654 i
 15.392  0.399849  0.702638 i
 15.392  0.41652  0.706558 i
 15.392  0.433191  0.710412 i
 15.392  0.449862  0.714199 i
 15.392  0.466533  0.717916 i
 15.392  0.483203  0.721563 i
 15.392  0.499874  0.725138 i
 15.392  0.516545  0.728641 i
 15.392  0.533216  0.73207 i
 15.392  0.549887  0.735426 i
 15.392  0.566557  0.738707 i
 15.392  0.583228  0.741914 i
 15.392  0.599899  0.745047 i
 15.392  0.61657  0.748105 i
 15.392  0.633241  0.751089 i
 15.392  0.649912  0.753997 i
 15.392  0.666582  0.756831 i
 15.392  0.683253  0.759591 i
 15.392  0.699924  0.762276 i
 15.392  0.716595  0.764888 i
 15.392  0.733266  0.767425 i
 15.392  0.749937  0.76989 i
 15.392  0.766607  0.772282 i
 15.392  0.783278  0.774602 i
 15.392  0.799949  0.776851 i
 15.392  0.81662  0.779031 i
 15.392  0.833291  0.781142 i
 15.392  0.849962  0.783186 i
 15.392  0.866632  0.785166 i
 15.392  0.883303  0.787085 i
 15.392  0.899974  0.788944 i
 15.392  0.916645  0.79075 i
 15.392  0.933316  0.792506 i
 15.392  0.949986  0.794217 i
 15.392  0.966657  0.795891 i
 15.392  0.983328  0.797534 i
 15.392  0.999999  0.799153 i

# IsoCurve 32, 50 points
# x y z type
 14.5931  0.183129  0.643353 i
 14.5931  0.199799  0.647991 i
 14.5931  0.21647  0.65265 i
 14.5931  0.233141  0.657353 i
 14.5931  0.249812  0.662088 i
 14.5931  0.266483  0.666817 i
 14.5931  0.283153  0.671515 i
 14.5931  0.299824  0.676154 i
 14.5931  0.316495  0.6807 i
 14.5931  0.333166  0.685135 i
 14.5931  0.349837  0.689479 i
 14.5931  0.366508  0.693742 i
 14.5931  0.383178  0.697928 i
 14.5931  0.399849  0.702037 i
 14.5931  0.41652  0.70607 i
 14.5931  0.433191  0.710029 i
 14.5931  0.449862  0.713912 i
 14.5931  0.466533  0.717717 i
 14.5931  0.483203  0.721443 i
 14.5931  0.499874  0.725091 i
 14.5931  0.516545  0.728661 i
 14.5931  0.533216  0.732153 i
 14.5931  0.549887  0.735568 i
 14.5931  0.566557  0.738904 i
 14.5931  0.583228  0.742164 i
 14.5931  0.599899  0.745346 i
 14.5931  0.61657  0.74845 i
 14.5931  0.633241  0.751476 i
 14.5931  0.649912  0.754424 i
 14.5931  0.666582  0.757295 i
 14.5931  0.683253  0.760088 i
 14.5931  0.699924  0.762804 i
 14.5931  0.716595  0.765441 i
 14.5931  0.733266  0.768001 i
 14.5931  0.749937  0.770483 i
 14.5931  0.766607  0.772887 i
 14.5931  0.783278  0.775213 i
 14.5931  0.799949  0.777462 i
 14.5931  0.81662  0.779633 i
 14.5931  0.833291  0.781727 i
 14.5931  0.849962  0.783743 i
 14.5931  0.866632  0.785683 i
 14.5931  0.883303  0.787546 i
 14.5931  0.899974  0.789335 i
 14.5931  0.916645  0.791049 i
 14.5931  0.933316  0.792692 i
 14.5931  0.949986  0.794268 i
 14.5931  0.966657  0.795785 i
 14.5931  0.983328  0.797255 i
 14.5931  0.999999  0.798696 i

# IsoCurve 33, 50 points
# x y z type
 13.7942  0.183129  0.639866 i
 13.7942  0.199799  0.644543 i
 13.7942  0.21647  0.649221 i
 13.7942  0.233141  0.653896 i
 13.7942  0.249812  0.65856 i
 13.7942  0.266483  0.663207 i
 13.7942  0.283153  0.66783 i
 13.7942  0.299824  0.672421 i
 13.7942  0.316495  0.676973 i
 13.7942  0.333166  0.681479 i
 13.7942  0.349837  0.685931 i
 13.7942  0.366508  0.690324 i
 13.7942  0.383178  0.694652 i
 13.7942  0.399849  0.69891 i
 13.7942  0.41652  0.703093 i
 13.7942  0.433191  0.707199 i
 13.7942  0.449862  0.711224 i
 13.7942  0.466533  0.715166 i
 13.7942  0.483203  0.719022 i
 13.7942  0.499874  0.722791 i
 13.7942  0.516545  0.726471 i
 13.7942  0.533216  0.730063 i
 13.7942  0.549887  0.733563 i
 13.7942  0.566557  0.736973 i
 13.7942  0.583228  0.740292 i
 13.7942  0.599899  0.743519 i
 13.7942  0.61657  0.746654 i
 13.7942  0.633241  0.749698 i
 13.7942  0.649912  0.75265 i
 13.7942  0.666582  0.755511 i
 13.7942  0.683253  0.75828 i
 13.7942  0.699924  0.760959 i
 13.7942  0.716595  0.763548 i
 13.7942  0.733266  0.766048 i
 13.7942  0.749937  0.76846 i
 13.7942  0.766607  0.770786 i
 13.7942  0.783278  0.773026 i
 13.7942  0.799949  0.775183 i
 13.7942  0.81662  0.777259 i
 13.7942  0.833291  0.779257 i
 13.7942  0.849962  0.78118 i
 13.7942  0.866632  0.783033 i
 13.7942  0.883303  0.784819 i
 13.7942  0.899974  0.786544 i
 13.7942  0.916645  0.788212 i
 13.7942  0.933316  0.789831 i
 13.7942  0.949986  0.791407 i
 13.7942  0.966657  0.792946 i
 13.7942  0.983328  0.794454 i
 13.7942  0.999999  0.795939 i

# IsoCurve 34, 50 points
# x y z type
 12.9952  0.183129  0.658736 i
 12.9952  0.199799  0.663347 i
 12.9952  0.21647  0.667949 i
 12.9952  0.233141  0.67254 i
 12.9952  0.249812  0.67712 i
 12.9952  0.266483  0.681689 i
 12.9952  0.283153  0.686245 i
 12.9952  0.299824  0.690786 i
 12.9952  0.316495  0.695307 i
 12.9952  0.333166  0.699801 i
 12.9952  0.349837  0.704254 i
 12.9952  0.366508  0.708655 i
 12.9952  0.383178  0.712988 i
 12.9952  0.399849  0.717245 i
 12.9952  0.41652  0.721419 i
 12.9952  0.433191  0.725507 i
 12.9952  0.449862  0.729508 i
 12.9952  0.466533  0.733422 i
 12.9952  0.483203  0.737249 i
 12.9952  0.499874  0.740988 i
 12.9952  0.516545  0.74464 i
 12.9952  0.533216  0.748203 i
 12.9952  0.549887  0.751679 i
 12.9952  0.566557  0.755065 i
 12.9952  0.583228  0.758363 i
 12.9952  0.599899  0.761573 i
 12.9952  0.61657  0.764694 i
 12.9952  0.633241  0.767727 i
 12.9952  0.649912  0.770672 i
 12.9952  0.666582  0.773528 i
 12.9952  0.683253  0.776296 i
 12.9952  0.699924  0.778977 i
 12.9952  0.716595  0.781569 i
 12.9952  0.733266  0.784073 i
 12.9952  0.749937  0.786489 i
 12.9952  0.766607  0.788817 i
 12.9952  0.783278  0.791058 i
 12.9952  0.799949  0.793211 i
 12.9952  0.81662  0.795277 i
 12.9952  0.833291  0.797254 i
 12.9952  0.849962  0.799145 i
 12.9952  0.866632  0.800948 i
 12.9952  0.883303  0.802665 i
 12.9952  0.899974  0.804294 i
 12.9952  0.916645  0.805838 i
 12.9952  0.933316  0.807295 i
 12.9952  0.949986  0.808669 i
 12.9952  0.966657  0.809963 i
 12.9952  0.983328  0.81119 i
 12.9952  0.999999  0.812391 i

# IsoCurve 35, 50 points
# x y z type
 12.1963  0.183129  0.673462 i
 12.1963  0.199799  0.678218 i
 12.1963  0.21647  0.682976 i
 12.1963  0.233141  0.687731 i
 12.1963  0.249812  0.692476 i
 12.1963  0.266483  0.697202 i
 12.1963  0.283153  0.701899 i
 12.1963  0.299824  0.706557 i
 12.1963  0.316495  0.711166 i
 12.1963  0.333166  0.715717 i
 12.1963  0.349837  0.720202 i
 12.1963  0.366508  0.724615 i
 12.1963  0.383178  0.728953 i
 12.1963  0.399849  0.733211 i
 12.1963  0.41652  0.737386 i
 12.1963  0.433191  0.741477 i
 12.1963  0.449862  0.745482 i
 12.1963  0.466533  0.749399 i
 12.1963  0.483203  0.753228 i
 12.1963  0.499874  0.756968 i
 12.1963  0.516545  0.760617 i
 12.1963  0.533216  0.764175 i
 12.1963  0.549887  0.767643 i
 12.1963  0.566557  0.77102 i
 12.1963  0.583228  0.774304 i
 12.1963  0.599899  0.777498 i
 12.1963  0.61657  0.780599 i
 12.1963  0.633241  0.783609 i
 12.1963  0.649912  0.786527 i
 12.1963  0.666582  0.789354 i
 12.1963  0.683253  0.792089 i
 12.1963  0.699924  0.794733 i
 12.1963  0.716595  0.797287 i
 12.1963  0.733266  0.799751 i
 12.1963  0.749937  0.802125 i
 12.1963  0.766607  0.804411 i
 12.1963  0.783278  0.80661 i
 12.1963  0.799949  0.808723 i
 12.1963  0.81662  0.810752 i
 12.1963  0.833291  0.812699 i
 12.1963  0.849962  0.814567 i
 12.1963  0.866632  0.816359 i
 12.1963  0.883303  0.818078 i
 12.1963  0.899974  0.819729 i
 12.1963  0.916645  0.821317 i
 12.1963  0.933316  0.822848 i
 12.1963  0.949986  0.824328 i
 12.1963  0.966657  0.825763 i
 12.1963  0.983328  0.827161 i
 12.1963  0.999999  0.828529 i

# IsoCurve 36, 50 points
# x y z type
 11.3973  0.183129  0.690271 i
 11.3973  0.199799  0.69501 i
 11.3973  0.21647  0.699747 i
 11.3973  0.233141  0.704475 i
 11.3973  0.249812  0.709188 i
 11.3973  0.266483  0.713879 i
 11.3973  0.283153  0.718537 i
 11.3973  0.299824  0.723156 i
 11.3973  0.316495  0.727726 i
 11.3973  0.333166  0.73224 i
 11.3973  0.349837  0.73669 i
 11.3973  0.366508  0.741072 i
 11.3973  0.383178  0.74538 i
 11.3973  0.399849  0.74961 i
 11.3973  0.41652  0.75376 i
 11.3973  0.433191  0.757826 i
 11.3973  0.449862  0.761808 i
 11.3973  0.466533  0.765703 i
 11.3973  0.483203  0.769509 i
 11.3973  0.499874  0.773227 i
 11.3973  0.516545  0.776856 i
 11.3973  0.533216  0.780394 i
 11.3973  0.549887  0.783842 i
 11.3973  0.566557  0.787199 i
 11.3973  0.583228  0.790465 i
 11.3973  0.599899  0.793639 i
 11.3973  0.61657  0.796723 i
 11.3973  0.633241  0.799716 i
 11.3973  0.649912  0.802617 i
 11.3973  0.666582  0.805428 i
 11.3973  0.683253  0.808147 i
 11.3973  0.699924  0.810776 i
 11.3973  0.716595  0.813314 i
 11.3973  0.733266  0.815762 i
 11.3973  0.749937  0.81812 i
 11.3973  0.766607  0.820389 i
 11.3973  0.783278  0.822568 i
 11.3973  0.799949  0.824659 i
 11.3973  0.81662  0.826663 i
 11.3973  0.833291  0.82858 i
 11.3973  0.849962  0.830412 i
 11.3973  0.866632  0.832161 i
 11.3973  0.883303  0.83383 i
 11.3973  0.899974  0.835422 i
 11.3973  0.916645  0.836941 i
 11.3973  0.933316  0.838393 i
 11.3973  0.949986  0.839787 i
 11.3973  0.966657  0.841131 i
 11.3973  0.983328  0.842438 i
 11.3973  0.999999  0.84372 i

# IsoCurve 37, 50 points
# x y z type
 10.5984  0.183129  0.706285 i
 10.5984  0.199799  0.710989 i
 10.5984  0.21647  0.715729 i
 10.5984  0.233141  0.720516 i
 10.5984  0.249812  0.725343 i
 10.5984  0.266483  0.730177 i
 10.5984  0.283153  0.734979 i
 10.5984  0.299824  0.739714 i
 10.5984  0.316495  0.744356 i
 10.5984  0.333166  0.7489 i
 10.5984  0.349837  0.75335 i
 10.5984  0.366508  0.757711 i
 10.5984  0.383178  0.761984 i
 10.5984  0.399849  0.766171 i
 10.5984  0.41652  0.770271 i
 10.5984  0.433191  0.774284 i
 10.5984  0.449862  0.77821 i
 10.5984  0.466533  0.782049 i
 10.5984  0.483203  0.7858 i
 10.5984  0.499874  0.789464 i
 10.5984  0.516545  0.793039 i
 10.5984  0.533216  0.796527 i
 10.5984  0.549887  0.799926 i
 10.5984  0.566557  0.803238 i
 10.5984  0.583228  0.806461 i
 10.5984  0.599899  0.809596 i
 10.5984  0.61657  0.812643 i
 10.5984  0.633241  0.815602 i
 10.5984  0.649912  0.818473 i
 10.5984  0.666582  0.821255 i
 10.5984  0.683253  0.823949 i
 10.5984  0.699924  0.826555 i
 10.5984  0.716595  0.829073 i
 10.5984  0.733266  0.831502 i
 10.5984  0.749937  0.833843 i
 10.5984  0.766607  0.836096 i
 10.5984  0.783278  0.838262 i
 10.5984  0.799949  0.84034 i
 10.5984  0.81662  0.842331 i
 10.5984  0.833291  0.844236 i
 10.5984  0.849962  0.846055 i
 10.5984  0.866632  0.84779 i
 10.5984  0.883303  0.849442 i
 10.5984  0.899974  0.851014 i
 10.5984  0.916645  0.852509 i
 10.5984  0.933316  0.853933 i
 10.5984  0.949986  0.855293 i
 10.5984  0.966657  0.8566 i
 10.5984  0.983328  0.857868 i
 10.5984  0.999999  0.859112 i

# IsoCurve 38, 50 points
# x y z type
 9.79942  0.183129  0.723854 i
 9.79942  0.199799  0.728502 i
 9.79942  0.21647  0.73314 i
 9.79942  0.233141  0.737763 i
 9.79942  0.249812  0.742366 i
 9.79942  0.266483  0.746942 i
 9.79942  0.283153  0.751484 i
 9.79942  0.299824  0.755987 i
 9.79942  0.316495  0.760444 i
 9.79942  0.333166  0.764848 i
 9.79942  0.349837  0.769194 i
 9.79942  0.366508  0.773475 i
 9.79942  0.383178  0.777689 i
 9.79942  0.399849  0.781829 i
 9.79942  0.41652  0.785894 i
 9.79942  0.433191  0.789879 i
 9.79942  0.449862  0.793782 i
 9.79942  0.466533  0.797601 i
 9.79942  0.483203  0.801335 i
 9.79942  0.499874  0.804981 i
 9.79942  0.516545  0.80854 i
 9.79942  0.533216  0.81201 i
 9.79942  0.549887  0.81539 i
 9.79942  0.566557  0.81868 i
 9.79942  0.583228  0.82188 i
 9.79942  0.599899  0.82499 i
 9.79942  0.61657  0.828009 i
 9.79942  0.633241  0.830937 i
 9.79942  0.649912  0.833774 i
 9.79942  0.666582  0.836522 i
 9.79942  0.683253  0.839178 i
 9.79942  0.699924  0.841745 i
 9.79942  0.716595  0.844223 i
 9.79942  0.733266  0.846612 i
 9.79942  0.749937  0.848913 i
 9.79942  0.766607  0.851126 i
 9.79942  0.783278  0.853255 i
 9.79942  0.799949  0.855299 i
 9.79942  0.81662  0.85726 i
 9.79942  0.833291  0.859142 i
 9.79942  0.849962  0.860947 i
 9.79942  0.866632  0.862678 i
 9.79942  0.883303  0.864339 i
 9.79942  0.899974  0.865935 i
 9.79942  0.916645  0.867471 i
 9.79942  0.933316  0.868952 i
 9.79942  0.949986  0.870384 i
 9.79942  0.966657  0.871774 i
 9.79942  0.983328  0.873129 i
 9.79942  0.999999  0.874454 i

# IsoCurve 39, 50 points
# x y z type
 9.00047  0.183129  0.740283 i
 9.00047  0.199799  0.744894 i
 9.00047  0.21647  0.749533 i
 9.00047  0.233141  0.754198 i
 9.00047  0.249812  0.758881 i
 9.00047  0.266483  0.76356 i
 9.00047  0.283153  0.768207 i
 9.00047  0.299824  0.772795 i
 9.00047  0.316495  0.777302 i
 9.00047  0.333166  0.781717 i
 9.00047  0.349837  0.786041 i
 9.00047  0.366508  0.790278 i
 9.00047  0.383178  0.79443 i
 9.00047  0.399849  0.798499 i
 9.00047  0.41652  0.802485 i
 9.00047  0.433191  0.806388 i
 9.00047  0.449862  0.810208 i
 9.00047  0.466533  0.813944 i
 9.00047  0.483203  0.817595 i
 9.00047  0.499874  0.821161 i
 9.00047  0.516545  0.824642 i
 9.00047  0.533216  0.82804 i
 9.00047  0.549887  0.831352 i
 9.00047  0.566557  0.834581 i
 9.00047  0.583228  0.837725 i
 9.00047  0.599899  0.840785 i
 9.00047  0.61657  0.843761 i
 9.00047  0.633241  0.846652 i
 9.00047  0.649912  0.849459 i
 9.00047  0.666582  0.852182 i
 9.00047  0.683253  0.854821 i
 9.00047  0.699924  0.857376 i
 9.00047  0.716595  0.859846 i
 9.00047  0.733266  0.862233 i
 9.00047  0.749937  0.864535 i
 9.00047  0.766607  0.866754 i
 9.00047  0.783278  0.868888 i
 9.00047  0.799949  0.870939 i
 9.00047  0.81662  0.872905 i
 9.00047  0.833291  0.874788 i
 9.00047  0.849962  0.876587 i
 9.00047  0.866632  0.878301 i
 9.00047  0.883303  0.879933 i
 9.00047  0.899974  0.881479 i
 9.00047  0.916645  0.882942 i
 9.00047  0.933316  0.884321 i
 9.00047  0.949986  0.885618 i
 9.00047  0.966657  0.886829 i
 9.00047  0.983328  0.887958 i
 9.00047  0.999999  0.889018 i

# IsoCurve 40, 50 points
# x y z type
 8.20152  0.183129  0.75785 i
 8.20152  0.199799  0.76236 i
 8.20152  0.21647  0.766865 i
 8.20152  0.233141  0.771361 i
 8.20152  0.249812  0.775841 i
 8.20152  0.266483  0.780297 i
 8.20152  0.283153  0.784721 i
 8.20152  0.299824  0.789105 i
 8.20152  0.316495  0.79344 i
 8.20152  0.333166  0.79772 i
 8.20152  0.349837  0.801938 i
 8.20152  0.366508  0.80609 i
 8.20152  0.383178  0.81017 i
 8.20152  0.399849  0.814176 i
 8.20152  0.41652  0.818105 i
 8.20152  0.433191  0.821955 i
 8.20152  0.449862  0.825725 i
 8.20152  0.466533  0.829413 i
 8.20152  0.483203  0.833019 i
 8.20152  0.499874  0.836541 i
 8.20152  0.516545  0.839979 i
 8.20152  0.533216  0.843333 i
 8.20152  0.549887  0.846601 i
 8.20152  0.566557  0.849785 i
 8.20152  0.583228  0.852884 i
 8.20152  0.599899  0.855897 i
 8.20152  0.61657  0.858825 i
 8.20152  0.633241  0.861668 i
 8.20152  0.649912  0.864425 i
 8.20152  0.666582  0.867097 i
 8.20152  0.683253  0.869684 i
 8.20152  0.699924  0.872186 i
 8.20152  0.716595  0.874604 i
 8.20152  0.733266  0.876938 i
 8.20152  0.749937  0.879188 i
 8.20152  0.766607  0.881356 i
 8.20152  0.783278  0.883443 i
 8.20152  0.799949  0.88545 i
 8.20152  0.81662  0.887379 i
 8.20152  0.833291  0.889231 i
 8.20152  0.849962  0.89101 i
 8.20152  0.866632  0.892719 i
 8.20152  0.883303  0.89436 i
 8.20152  0.899974  0.895939 i
 8.20152  0.916645  0.89746 i
 8.20152  0.933316  0.898929 i
 8.20152  0.949986  0.90035 i
 8.20152  0.966657  0.901731 i
 8.20152  0.983328  0.903077 i
 8.20152  0.999999  0.904396 i

# IsoCurve 41, 50 points
# x y z type
 7.40258  0.183129  0.775581 i
 7.40258  0.199799  0.779962 i
 7.40258  0.21647  0.784337 i
 7.40258  0.233141  0.7887 i
 7.40258  0.249812  0.793047 i
 7.40258  0.266483  0.797369 i
 7.40258  0.283153  0.801661 i
 7.40258  0.299824  0.805914 i
 7.40258  0.316495  0.810121 i
 7.40258  0.333166  0.814276 i
 7.40258  0.349837  0.818373 i
 7.40258  0.366508  0.822408 i
 7.40258  0.383178  0.826376 i
 7.40258  0.399849  0.830275 i
 7.40258  0.41652  0.834102 i
 7.40258  0.433191  0.837854 i
 7.40258  0.449862  0.841531 i
 7.40258  0.466533  0.845131 i
 7.40258  0.483203  0.848652 i
 7.40258  0.499874  0.852095 i
 7.40258  0.516545  0.855459 i
 7.40258  0.533216  0.858742 i
 7.40258  0.549887  0.861945 i
 7.40258  0.566557  0.865068 i
 7.40258  0.583228  0.86811 i
 7.40258  0.599899  0.871071 i
 7.40258  0.61657  0.873952 i
 7.40258  0.633241  0.876751 i
 7.40258  0.649912  0.87947 i
 7.40258  0.666582  0.882108 i
 7.40258  0.683253  0.884665 i
 7.40258  0.699924  0.887141 i
 7.40258  0.716595  0.889538 i
 7.40258  0.733266  0.891854 i
 7.40258  0.749937  0.89409 i
 7.40258  0.766607  0.896247 i
 7.40258  0.783278  0.898325 i
 7.40258  0.799949  0.900325 i
 7.40258  0.81662  0.902247 i
 7.40258  0.833291  0.904092 i
 7.40258  0.849962  0.905862 i
 7.40258  0.866632  0.907559 i
 7.40258  0.883303  0.909184 i
 7.40258  0.899974  0.91074 i
 7.40258  0.916645  0.912233 i
 7.40258  0.933316  0.913666 i
 7.40258  0.949986  0.915047 i
 7.40258  0.966657  0.916385 i
 7.40258  0.983328  0.917691 i
 7.40258  0.999999  0.918975 i

# IsoCurve 42, 50 points
# x y z type
 6.60363  0.183129  0.792548 i
 6.60363  0.199799  0.796829 i
 6.60363  0.21647  0.801126 i
 6.60363  0.233141  0.805436 i
 6.60363  0.249812  0.80975 i
 6.60363  0.266483  0.814051 i
 6.60363  0.283153  0.81832 i
 6.60363  0.299824  0.82254 i
 6.60363  0.316495  0.826697 i
 6.60363  0.333166  0.830783 i
 6.60363  0.349837  0.834796 i
 6.60363  0.366508  0.838734 i
 6.60363  0.383178  0.842599 i
 6.60363  0.399849  0.846389 i
 6.60363  0.41652  0.850106 i
 6.60363  0.433191  0.853749 i
 6.60363  0.449862  0.857317 i
 6.60363  0.466533  0.86081 i
 6.60363  0.483203  0.864228 i
 6.60363  0.499874  0.86757 i
 6.60363  0.516545  0.870837 i
 6.60363  0.533216  0.874028 i
 6.60363  0.549887  0.877144 i
 6.60363  0.566557  0.880183 i
 6.60363  0.583228  0.883147 i
 6.60363  0.599899  0.886035 i
 6.60363  0.61657  0.888847 i
 6.60363  0.633241  0.891582 i
 6.60363  0.649912  0.894242 i
 6.60363  0.666582  0.896826 i
 6.60363  0.683253  0.899333 i
 6.60363  0.699924  0.901765 i
 6.60363  0.716595  0.904121 i
 6.60363  0.733266  0.906401 i
 6.60363  0.749937  0.908606 i
 6.60363  0.766607  0.910736 i
 6.60363  0.783278  0.912791 i
 6.60363  0.799949  0.914772 i
 6.60363  0.81662  0.91668 i
 6.60363  0.833291  0.918516 i
 6.60363  0.849962  0.920281 i
 6.60363  0.866632  0.921976 i
 6.60363  0.883303  0.923605 i
 6.60363  0.899974  0.925171 i
 6.60363  0.916645  0.926676 i
 6.60363  0.933316  0.928127 i
 6.60363  0.949986  0.92953 i
 6.60363  0.966657  0.930893 i
 6.60363  0.983328  0.932226 i
 6.60363  0.999999  0.933537 i

# IsoCurve 43, 50 points
# x y z type
 5.80468  0.183129  0.807733 i
 5.80468  0.199799  0.811926 i
 5.80468  0.21647  0.816087 i
 5.80468  0.233141  0.820215 i
 5.80468  0.249812  0.824306 i
 5.80468  0.266483  0.828356 i
 5.80468  0.283153  0.832362 i
 5.80468  0.299824  0.836321 i
 5.80468  0.316495  0.840229 i
 5.80468  0.333166  0.844085 i
 5.80468  0.349837  0.847884 i
 5.80468  0.366508  0.851626 i
 5.80468  0.383178  0.855307 i
 5.80468  0.399849  0.858927 i
 5.80468  0.41652  0.862483 i
 5.80468  0.433191  0.865975 i
 5.80468  0.449862  0.869401 i
 5.80468  0.466533  0.872761 i
 5.80468  0.483203  0.876055 i
 5.80468  0.499874  0.879281 i
 5.80468  0.516545  0.882439 i
 5.80468  0.533216  0.885529 i
 5.80468  0.549887  0.888551 i
 5.80468  0.566557  0.891505 i
 5.80468  0.583228  0.89439 i
 5.80468  0.599899  0.897206 i
 5.80468  0.61657  0.899953 i
 5.80468  0.633241  0.902631 i
 5.80468  0.649912  0.905241 i
 5.80468  0.666582  0.907781 i
 5.80468  0.683253  0.910253 i
 5.80468  0.699924  0.912656 i
 5.80468  0.716595  0.91499 i
 5.80468  0.733266  0.917255 i
 5.80468  0.749937  0.919452 i
 5.80468  0.766607  0.921582 i
 5.80468  0.783278  0.923643 i
 5.80468  0.799949  0.925639 i
 5.80468  0.81662  0.927568 i
 5.80468  0.833291  0.929433 i
 5.80468  0.849962  0.931235 i
 5.80468  0.866632  0.932976 i
 5.80468  0.883303  0.934657 i
 5.80468  0.899974  0.936282 i
 5.80468  0.916645  0.937853 i
 5.80468  0.933316  0.939374 i
 5.80468  0.949986  0.940849 i
 5.80468  0.966657  0.942282 i
 5.80468  0.983328  0.943677 i
 5.80468  0.999999  0.945039 i

# IsoCurve 44, 50 points
# x y z type
 5.00574  0.183129  0.770699 i
 5.00574  0.199799  0.774744 i
 5.00574  0.21647  0.778824 i
 5.00574  0.233141  0.782954 i
 5.00574  0.249812  0.787131 i
 5.00574  0.266483  0.791326 i
 5.00574  0.283153  0.795503 i
 5.00574  0.299824  0.799627 i
 5.00574  0.316495  0.803671 i
 5.00574  0.333166  0.807632 i
 5.00574  0.349837  0.811519 i
 5.00574  0.366508  0.815339 i
 5.00574  0.383178  0.819092 i
 5.00574  0.399849  0.82278 i
 5.00574  0.41652  0.826402 i
 5.00574  0.433191  0.829959 i
 5.00574  0.449862  0.83345 i
 5.00574  0.466533  0.836874 i
 5.00574  0.483203  0.84023 i
 5.00574  0.499874  0.843518 i
 5.00574  0.516545  0.846739 i
 5.00574  0.533216  0.849893 i
 5.00574  0.549887  0.85298 i
 5.00574  0.566557  0.855999 i
 5.00574  0.583228  0.858952 i
 5.00574  0.599899  0.861837 i
 5.00574  0.61657  0.864654 i
 5.00574  0.633241  0.867406 i
 5.00574  0.649912  0.870089 i
 5.00574  0.666582  0.872706 i
 5.00574  0.683253  0.875255 i
 5.00574  0.699924  0.877737 i
 5.00574  0.716595  0.880153 i
 5.00574  0.733266  0.882501 i
 5.00574  0.749937  0.884781 i
 5.00574  0.766607  0.886995 i
 5.00574  0.783278  0.889142 i
 5.00574  0.799949  0.891221 i
 5.00574  0.81662  0.893234 i
 5.00574  0.833291  0.895179 i
 5.00574  0.849962  0.897057 i
 5.00574  0.866632  0.898867 i
 5.00574  0.883303  0.90061 i
 5.00574  0.899974  0.902286 i
 5.00574  0.916645  0.903895 i
 5.00574  0.933316  0.905437 i
 5.00574  0.949986  0.906913 i
 5.00574  0.966657  0.908326 i
 5.00574  0.983328  0.909686 i
 5.00574  0.999999  0.911031 i

# IsoCurve 45, 50 points
# x y z type
 4.20679  0.183129  0.737365 i
 4.20679  0.199799  0.741548 i
 4.20679  0.21647  0.745736 i
 4.20679  0.233141  0.749923 i
 4.20679  0.249812  0.754103 i
 4.20679  0.266483  0.758269 i
 4.20679  0.283153  0.762414 i
 4.20679  0.299824  0.76653 i
 4.20679  0.316495  0.77061 i
 4.20679  0.333166  0.774647 i
 4.20679  0.349837  0.778636 i
 4.20679  0.366508  0.78257 i
 4.20679  0.383178  0.786444 i
 4.20679  0.399849  0.790256 i
 4.20679  0.41652  0.794001 i
 4.20679  0.433191  0.797678 i
 4.20679  0.449862  0.801284 i
 4.20679  0.466533  0.804818 i
 4.20679  0.483203  0.808277 i
 4.20679  0.499874  0.811662 i
 4.20679  0.516545  0.814971 i
 4.20679  0.533216  0.818204 i
 4.20679  0.549887  0.821359 i
 4.20679  0.566557  0.824437 i
 4.20679  0.583228  0.827438 i
 4.20679  0.599899  0.830361 i
 4.20679  0.61657  0.833207 i
 4.20679  0.633241  0.835974 i
 4.20679  0.649912  0.838664 i
 4.20679  0.666582  0.841276 i
 4.20679  0.683253  0.843811 i
 4.20679  0.699924  0.846268 i
 4.20679  0.716595  0.84865 i
 4.20679  0.733266  0.850955 i
 4.20679  0.749937  0.853186 i
 4.20679  0.766607  0.855342 i
 4.20679  0.783278  0.857425 i
 4.20679  0.799949  0.859438 i
 4.20679  0.81662  0.861381 i
 4.20679  0.833291  0.863257 i
 4.20679  0.849962  0.865069 i
 4.20679  0.866632  0.86682 i
 4.20679  0.883303  0.868513 i
 4.20679  0.899974  0.870154 i
 4.20679  0.916645  0.871746 i
 4.20679  0.933316  0.873295 i
 4.20679  0.949986  0.874807 i
 4.20679  0.966657  0.876286 i
 4.20679  0.983328  0.87774 i
 4.20679  0.999999  0.879173 i

# IsoCurve 46, 50 points
# x y z type
 3.40784  0.183129  0.723691 i
 3.40784  0.199799  0.727843 i
 3.40784  0.21647  0.732008 i
 3.40784  0.233141  0.73618 i
 3.40784  0.249812  0.740354 i
 3.40784  0.266483  0.74452 i
 3.40784  0.283153  0.748669 i
 3.40784  0.299824  0.75279 i
 3.40784  0.316495  0.756875 i
 3.40784  0.333166  0.760913 i
 3.40784  0.349837  0.764898 i
 3.40784  0.366508  0.768824 i
 3.40784  0.383178  0.772687 i
 3.40784  0.399849  0.776485 i
 3.40784  0.41652  0.780213 i
 3.40784  0.433191  0.783872 i
 3.40784  0.449862  0.787458 i
 3.40784  0.466533  0.790972 i
 3.40784  0.483203  0.794411 i
 3.40784  0.499874  0.797777 i
 3.40784  0.516545  0.801067 i
 3.40784  0.533216  0.804281 i
 3.40784  0.549887  0.80742 i
 3.40784  0.566557  0.810483 i
 3.40784  0.583228  0.813471 i
 3.40784  0.599899  0.816382 i
 3.40784  0.61657  0.819216 i
 3.40784  0.633241  0.821975 i
 3.40784  0.649912  0.824658 i
 3.40784  0.666582  0.827265 i
 3.40784  0.683253  0.829795 i
 3.40784  0.699924  0.83225 i
 3.40784  0.716595  0.83463 i
 3.40784  0.733266  0.836934 i
 3.40784  0.749937  0.839162 i
 3.40784  0.766607  0.841316 i
 3.40784  0.783278  0.843394 i
 3.40784  0.799949  0.845398 i
 3.40784  0.81662  0.847329 i
 3.40784  0.833291  0.849186 i
 3.40784  0.849962  0.85097 i
 3.40784  0.866632  0.852684 i
 3.40784  0.883303  0.854327 i
 3.40784  0.899974  0.855904 i
 3.40784  0.916645  0.857416 i
 3.40784  0.933316  0.858869 i
 3.40784  0.949986  0.86027 i
 3.40784  0.966657  0.861631 i
 3.40784  0.983328  0.862966 i
 3.40784  0.999999  0.864291 i

# IsoCurve 47, 50 points
# x y z type
 2.60889  0.183129  0.729477 i
 2.60889  0.199799  0.733495 i
 2.60889  0.21647  0.737542 i
 2.60889  0.233141  0.741613 i
 2.60889  0.249812  0.745698 i
 2.60889  0.266483  0.749783 i
 2.60889  0.283153  0.753852 i
 2.60889  0.299824  0.757888 i
 2.60889  0.316495  0.761878 i
 2.60889  0.333166  0.765812 i
 2.60889  0.349837  0.769683 i
 2.60889  0.366508  0.773489 i
 2.60889  0.383178  0.777227 i
 2.60889  0.399849  0.780898 i
 2.60889  0.41652  0.784501 i
 2.60889  0.433191  0.788035 i
 2.60889  0.449862  0.791502 i
 2.60889  0.466533  0.794899 i
 2.60889  0.483203  0.798227 i
 2.60889  0.499874  0.801485 i
 2.60889  0.516545  0.804674 i
 2.60889  0.533216  0.807792 i
 2.60889  0.549887  0.81084 i
 2.60889  0.566557  0.813817 i
 2.60889  0.583228  0.816724 i
 2.60889  0.599899  0.81956 i
 2.60889  0.61657  0.822326 i
 2.60889  0.633241  0.825021 i
 2.60889  0.649912  0.827646 i
 2.60889  0.666582  0.8302 i
 2.60889  0.683253  0.832684 i
 2.60889  0.699924  0.835097 i
 2.60889  0.716595  0.837439 i
 2.60889  0.733266  0.839712 i
 2.60889  0.749937  0.841916 i
 2.60889  0.766607  0.84405 i
 2.60889  0.783278  0.846116 i
 2.60889  0.799949  0.848114 i
 2.60889  0.81662  0.850046 i
 2.60889  0.833291  0.851912 i
 2.60889  0.849962  0.853715 i
 2.60889  0.866632  0.855457 i
 2.60889  0.883303  0.85714 i
 2.60889  0.899974  0.858769 i
 2.60889  0.916645  0.860347 i
 2.60889  0.933316  0.861881 i
 2.60889  0.949986  0.863378 i
 2.60889  0.966657  0.864843 i
 2.60889  0.983328  0.866288 i
 2.60889  0.999999  0.867719 i

# IsoCurve 48, 50 points
# x y z type
 1.80995  0.183129  0.756894 i
 1.80995  0.199799  0.760532 i
 1.80995  0.21647  0.764172 i
 1.80995  0.233141  0.767811 i
 1.80995  0.249812  0.771444 i
 1.80995  0.266483  0.775067 i
 1.80995  0.283153  0.778677 i
 1.80995  0.299824  0.782267 i
 1.80995  0.316495  0.785835 i
 1.80995  0.333166  0.789373 i
 1.80995  0.349837  0.792879 i
 1.80995  0.366508  0.796348 i
 1.80995  0.383178  0.799776 i
 1.80995  0.399849  0.80316 i
 1.80995  0.41652  0.806497 i
 1.80995  0.433191  0.809784 i
 1.80995  0.449862  0.813019 i
 1.80995  0.466533  0.816201 i
 1.80995  0.483203  0.819327 i
 1.80995  0.499874  0.822398 i
 1.80995  0.516545  0.825412 i
 1.80995  0.533216  0.828369 i
 1.80995  0.549887  0.831267 i
 1.80995  0.566557  0.834106 i
 1.80995  0.583228  0.836886 i
 1.80995  0.599899  0.839608 i
 1.80995  0.61657  0.842269 i
 1.80995  0.633241  0.844872 i
 1.80995  0.649912  0.847415 i
 1.80995  0.666582  0.849898 i
 1.80995  0.683253  0.852322 i
 1.80995  0.699924  0.854687 i
 1.80995  0.716595  0.856994 i
 1.80995  0.733266  0.859241 i
 1.80995  0.749937  0.861431 i
 1.80995  0.766607  0.863563 i
 1.80995  0.783278  0.865639 i
 1.80995  0.799949  0.86766 i
 1.80995  0.81662  0.869626 i
 1.80995  0.833291  0.871539 i
 1.80995  0.849962  0.873402 i
 1.80995  0.866632  0.875216 i
 1.80995  0.883303  0.876986 i
 1.80995  0.899974  0.878713 i
 1.80995  0.916645  0.880403 i
 1.80995  0.933316  0.882059 i
 1.80995  0.949986  0.883688 i
 1.80995  0.966657  0.885295 i
 1.80995  0.983328  0.886885 i
 1.80995  0.999999  0.888465 i

# IsoCurve 49, 50 points
# x y z type
 1.011  0.183129  0.801865 i
 1.011  0.199799  0.805236 i
 1.011  0.21647  0.808598 i
 1.011  0.233141  0.811952 i
 1.011  0.249812  0.815295 i
 1.011  0.266483  0.818621 i
 1.011  0.283153  0.821923 i
 1.011  0.299824  0.825193 i
 1.011  0.316495  0.828425 i
 1.011  0.333166  0.831616 i
 1.011  0.349837  0.834765 i
 1.011  0.366508  0.837875 i
 1.011  0.383178  0.840944 i
 1.011  0.399849  0.843974 i
 1.011  0.41652  0.846965 i
 1.011  0.433191  0.849917 i
 1.011  0.449862  0.85283 i
 1.011  0.466533  0.855704 i
 1.011  0.483203  0.858538 i
 1.011  0.499874  0.861333 i
 1.011  0.516545  0.864089 i
 1.011  0.533216  0.866805 i
 1.011  0.549887  0.869483 i
 1.011  0.566557  0.872121 i
 1.011  0.583228  0.87472 i
 1.011  0.599899  0.87728 i
 1.011  0.61657  0.879801 i
 1.011  0.633241  0.882282 i
 1.011  0.649912  0.884725 i
 1.011  0.666582  0.887128 i
 1.011  0.683253  0.889492 i
 1.011  0.699924  0.891817 i
 1.011  0.716595  0.894103 i
 1.011  0.733266  0.89635 i
 1.011  0.749937  0.898557 i
 1.011  0.766607  0.900725 i
 1.011  0.783278  0.902855 i
 1.011  0.799949  0.904944 i
 1.011  0.81662  0.906995 i
 1.011  0.833291  0.909006 i
 1.011  0.849962  0.910978 i
 1.011  0.866632  0.91291 i
 1.011  0.883303  0.914804 i
 1.011  0.899974  0.916658 i
 1.011  0.916645  0.918473 i
 1.011  0.933316  0.920249 i
 1.011  0.949986  0.921986 i
 1.011  0.966657  0.923683 i
 1.011  0.983328  0.925344 i
 1.011  0.999999  0.926968 i

